58 -1
0 31198 1.34028
1 31200 1.68377
2 31211 1.43554
3 31231 1.09492
4 31247 0.910606
5 31249 1.36544
6 31250 1.79912
7 31263 0.930171
8 31271 1.44363
9 31289 0.951275
10 31291 1.37622
11 31311 0.981949
12 31324 1.59044
13 31329 1.63646
14 31333 1.7027
15 31337 1.04912
16 31359 1.09564
17 31363 1.6114
18 31366 1.61231
19 31373 0.961462
20 31374 1.29128
21 31378 0.949504
22 31388 1.2087
23 31392 1.36095
24 31399 0.915832
25 31403 1.13698
26 31412 1.22922
27 31425 1.58592
28 31431 0.933768
29 31434 0.966655
30 31439 1.06504
31 31445 1.37266
32 31477 1.74904
33 31488 1.59919
34 31491 1.56619
35 31495 1.75826
36 31507 1.16186
37 31508 1.56254
38 31511 1.78704
39 31532 1.7041
40 31535 1.61243
41 31555 1.36049
42 31570 1.78466
43 31573 1.4001
44 31574 1.19417
45 31598 1.68458
46 31599 1.54783
47 31607 1.38843
48 31610 1.4932
49 31611 1.35737
50 31616 1.4485
51 31634 0.981703
52 31636 1.40548
53 31645 1.75581
54 31660 1.44127
55 31668 1.41993
56 31673 1.09002
57 31691 1.7691
0 4 0.206155
0 5 0.195142
0 6 0.143405
0 7 0.083328
0 9 0.200694
0 10 0.25
0 11 0.111803
0 13 0.157203
0 15 0.0372395
0 16 0.216654
0 17 0.0686546
0 18 0.0471145
0 20 0.0372797
0 24 0.1334
0 26 0.0600907
0 28 0.200688
0 29 0.158114
0 30 0.0215551
0 31 0.242636
0 35 0.250555
0 36 0.0707107
0 37 0.171626
0 38 0.037235
0 40 0.0166
0 43 0.120148
0 44 0.0897373
0 46 0.238696
0 48 0.252213
0 49 0.169954
0 53 0.1666
0 54 0.142397
0 55 0.1166
0 57 0.0834
1 27 0.174037
1 33 0.25
1 45 0.200691
1 56 0.233927
2 9 0.246111
2 10 0.194394
2 12 0.137406
2 14 0.0687516
2 19 0.141613
2 21 0.01667
2 23 0.134338
2 27 0.233927
2 33 0.08333
2 34 0.142369
2 35 0.203472
2 39 0.217339
2 46 0.236852
2 47 0.142369
2 48 0.213468
2 50 0.157208
2 51 0.217125
2 56 0.142369
3 4 0.106674
3 6 0.260344
3 7 0.226675
3 8 0.0372395
3 11 0.195052
3 13 0.200696
3 16 0.0897373
3 18 0.263513
3 22 0.0372797
3 25 0.263526
3 26 0.258719
3 28 0.130169
3 31 0.246099
3 32 0.217268
3 37 0.240368
3 42 0.233927
3 43 0.190026
3 44 0.216654
3 45 0.235669
3 49 0.143355
3 52 0.16672
3 54 0.164121
4 0 0.206155
4 3 0.106674
4 6 0.157293
4 7 0.13334
4 8 0.0745147
4 11 0.1
4 13 0.143355
4 15 0.217313
4 16 0.0333
4 17 0.217305
4 18 0.167505
4 20 0.179521
4 22 0.0971539
4 25 0.254352
4 26 0.16667
4 28 0.0334
4 30 0.22215
4 31 0.226668
4 36 0.180278
4 37 0.142462
4 38 0.184099
4 40 0.20277
4 43 0.101368
4 44 0.117859
4 45 0.174037
4 49 0.0372887
4 52 0.200694
4 53 0.231507
4 54 0.06667
4 55 0.210797
4 57 0.240407
5 0 0.195142
5 6 0.20883
5 7 0.268798
5 9 0.0526836
5 10 0.0942361
5 14 0.224178
5 15 0.222394
5 17 0.254951
5 18 0.238661
5 19 0.145106
5 20 0.194394
5 24 0.083336
5 26 0.25392
5 29 0.0373289
5 30 0.174109
5 34 0.153662
5 35 0.08328
5 36 0.177221
5 37 0.238633
5 38 0.23217
5 40 0.21082
5 44 0.263551
5 46 0.0527057
5 47 0.153662
5 48 0.0744745
5 50 0.130169
5 51 0.100111
5 56 0.238633
5 57 0.120187
6 0 0.143405
6 3 0.260344
6 4 0.157293
6 5 0.20883
6 7 0.142462
6 8 0.224252
6 9 0.177123
6 10 0.203384
6 11 0.134436
6 13 0.219248
6 14 0.268675
6 15 0.177189
6 16 0.186372
6 17 0.200691
6 18 0.143397
6 19 0.239377
6 20 0.106737
6 22 0.254438
6 24 0.126923
6 26 0.157288
6 28 0.130175
6 29 0.179475
6 30 0.143648
6 34 0.210816
6 35 0.213383
6 36 0.0745595
6 37 0.03334
6 38 0.153684
6 40 0.153654
6 43 0.150922
6 44 0.121366
6 45 0.137435
6 46 0.224222
6 47 0.210816
6 48 0.224178
6 49 0.12696
6 50 0.223607
6 54 0.134438
6 55 0.231537
6 56 0.20276
6 57 0.11666
7 0 0.083328
7 3 0.226675
7 4 0.13334
7 5 0.268798
7 6 0.142462
7 8 0.202753
7 9 0.263522
7 11 0.03334
7 13 0.0849516
7 15 0.0849869
7 16 0.137435
7 17 0.0849673
7 18 0.0372797
7 20 0.0745639
7 22 0.201376
7 24 0.195139
7 25 0.2166
7 26 0.03333
7 28 0.13746
7 29 0.231537
7 30 0.103714
7 31 0.1833
7 36 0.101378
7 37 0.157293
7 38 0.0527152
7 40 0.0745595
7 43 0.037244
7 44 0.0235962
7 45 0.247795
7 49 0.101385
7 52 0.231542
7 53 0.13431
7 54 0.06667
7 55 0.0942291
7 57 0.149128
8 3 0.0372395
8 4 0.0745147
8 6 0.224252
8 7 0.202753
8 11 0.169954
8 13 0.190026
8 16 0.06666
8 18 0.238627
8 20 0.253856
8 22 0.0527025
8 26 0.235694
8 28 0.0942998
8 31 0.25
8 32 0.216654
8 36 0.254382
8 37 0.203466
8 38 0.254951
8 42 0.254951
8 43 0.167495
8 44 0.190026
8 45 0.200693
8 49 0.111803
8 52 0.186367
8 54 0.137426
8 55 0.268731
9 0 0.200694
9 2 0.246111
9 5 0.0526836
9 6 0.177123
9 7 0.263522
9 10 0.0527057
9 14 0.180278
9 15 0.2333
9 17 0.2666
9 18 0.238598
9 19 0.107092
9 20 0.189997
9 21 0.238661
9 24 0.0686546
9 26 0.254951
9 29 0.0600907
9 30 0.181777
9 34 0.106773
9 35 0.05
9 36 0.164149
9 37 0.203407
9 38 0.235669
9 40 0.217241
9 44 0.253828
9 46 0.0471853
9 47 0.106773
9 48 0.0527057
9 50 0.0898134
9 51 0.0997489
9 56 0.186372
9 57 0.117786
10 0 0.25
10 2 0.194394
10 5 0.0942361
10 6 0.203384
10 9 0.0527057
10 14 0.130169
10 19 0.0543883
10 20 0.235669
10 21 0.186367
10 24 0.1166
10 29 0.111803
10 30 0.23198
10 33 0.247788
10 34 0.0601295
10 35 0.01667
10 36 0.206155
10 37 0.224178
10 40 0.2666
10 46 0.0526836
10 47 0.0601295
10 48 0.03334
10 50 0.0373245
10 51 0.0788168
10 56 0.153674
10 57 0.1666
11 0 0.111803
11 3 0.195052
11 4 0.1
11 6 0.134436
11 7 0.03334
11 8 0.169954
11 13 0.0849516
11 15 0.117859
11 16 0.105399
11 17 0.117845
11 18 0.0687298
11 20 0.0943068
11 22 0.171578
11 24 0.208891
11 25 0.219151
11 26 0.06667
11 28 0.10543
11 29 0.25
11 30 0.130662
11 31 0.186307
11 36 0.111803
11 37 0.142462
11 38 0.0849967
11 40 0.10543
11 43 0.0166
11 44 0.0235962
11 45 0.224252
11 49 0.0687201
11 52 0.216665
11 53 0.153608
11 54 0.03333
11 55 0.120148
11 57 0.16672
12 2 0.137406
12 14 0.200694
12 19 0.25336
12 21 0.134338
12 23 0.01667
12 33 0.177146
12 34 0.26712
12 39 0.0972397
12 47 0.26712
13 0 0.157203
13 3 0.200696
13 4 0.143355
13 6 0.219248
13 7 0.0849516
13 8 0.190026
13 11 0.0849516
13 15 0.141421
13 16 0.126933
13 17 0.120204
13 18 0.111803
13 20 0.158114
13 22 0.16667
13 25 0.134338
13 26 0.0971539
13 28 0.165018
13 30 0.178758
13 31 0.10138
13 36 0.186306
13 37 0.226724
13 38 0.120187
13 40 0.143397
13 43 0.0687516
13 44 0.1
13 49 0.130169
13 52 0.153684
13 53 0.0897373
13 54 0.0971539
13 55 0.0849869
13 57 0.23217
14 2 0.0687516
14 5 0.224178
14 6 0.268675
14 9 0.180278
14 10 0.130169
14 12 0.200694
14 19 0.0816012
14 21 0.0667
14 23 0.2
14 24 0.232076
14 27 0.263544
14 29 0.240368
14 33 0.120204
14 34 0.0744745
14 35 0.141421
14 46 0.177123
14 47 0.0744745
14 48 0.153662
14 50 0.0942361
14 51 0.168445
14 56 0.0942361
15 0 0.0372395
15 4 0.217313
15 5 0.222394
15 6 0.177189
15 7 0.0849869
15 9 0.2333
15 11 0.117859
15 13 0.141421
15 16 0.222364
15 17 0.0333
15 18 0.05
15 20 0.0707107
15 24 0.167531
15 25 0.247735
15 26 0.0527152
15 28 0.217313
15 29 0.186306
15 30 0.0518694
15 31 0.216665
15 36 0.106695
15 37 0.203464
15 38 0.03333
15 40 0.0235962
15 43 0.121329
15 44 0.1
15 46 0.268775
15 49 0.18333
15 53 0.134338
15 54 0.150927
15 55 0.0849516
15 57 0.117885
16 0 0.216654
16 3 0.0897373
16 4 0.0333
16 6 0.186372
16 7 0.137435
16 8 0.06666
16 11 0.105399
16 13 0.126933
16 15 0.222364
16 17 0.217313
16 18 0.174008
16 20 0.194368
16 22 0.0707107
16 25 0.226668
16 26 0.169964
16 28 0.0667
16 30 0.234538
16 31 0.200698
16 36 0.200671
16 37 0.174037
16 38 0.190036
16 40 0.210829
16 43 0.101385
16 44 0.126933
16 45 0.206155
16 49 0.0600962
16 52 0.167531
16 53 0.216654
16 54 0.0745237
16 55 0.202753
16 57 0.260363
17 0 0.0686546
17 4 0.217305
17 5 0.254951
17 6 0.200691
17 7 0.0849673
17 9 0.2666
17 11 0.117845
17 13 0.120204
17 15 0.0333
17 16 0.217313
17 18 0.060074
17 20 0.0971539
17 24 0.200694
17 25 0.216665
17 26 0.0526836
17 28 0.222364
17 29 0.219149
17 30 0.085064
17 31 0.186367
17 36 0.134315
17 37 0.22423
17 38 0.0471145
17 40 0.0527057
17 43 0.11667
17 44 0.105399
17 49 0.18633
17 53 0.10138
17 54 0.150916
17 55 0.0527057
17 57 0.150923
18 0 0.0471145
18 3 0.263513
18 4 0.167505
18 5 0.238661
18 6 0.143397
18 7 0.0372797
18 8 0.238627
18 9 0.238598
18 11 0.0687298
18 13 0.111803
18 15 0.05
18 16 0.174008
18 17 0.060074
18 20 0.05
18 22 0.238633
18 24 0.169999
18 25 0.235669
18 26 0.0167
18 28 0.167505
18 29 0.201352
18 30 0.0682821
18 31 0.202758
18 36 0.0849516
18 37 0.165018
18 38 0.01667
18 40 0.0372797
18 43 0.0745237
18 44 0.05
18 45 0.263526
18 49 0.13333
18 52 0.263551
18 53 0.137404
18 54 0.101385
18 55 0.0897206
18 57 0.121366
19 2 0.141613
19 5 0.145106
19 6 0.239377
19 9 0.107092
19 10 0.0543883
19 12 0.25336
19 14 0.0816012
19 21 0.132631
19 23 0.257097
19 24 0.168938
19 29 0.16588
19 33 0.201745
19 34 0.036907
19 35 0.061877
19 36 0.253456
19 37 0.254963
19 46 0.0960111
19 47 0.036907
19 48 0.0724929
19 50 0.0180348
19 51 0.0909686
19 56 0.13344
19 57 0.218724
20 0 0.0372797
20 4 0.179521
20 5 0.194394
20 6 0.106737
20 7 0.0745639
20 8 0.253856
20 9 0.189997
20 10 0.235669
20 11 0.0943068
20 13 0.158114
20 15 0.0707107
20 16 0.194368
20 17 0.0971539
20 18 0.05
20 22 0.263526
20 24 0.121366
20 26 0.0667
20 28 0.169964
20 29 0.157203
20 30 0.0447486
20 31 0.252212
20 34 0.26722
20 35 0.238598
20 36 0.0372395
20 37 0.13439
20 38 0.0527057
20 40 0.0471145
20 43 0.106695
20 44 0.0707107
20 45 0.238633
20 46 0.23217
20 47 0.26722
20 48 0.242639
20 49 0.142397
20 50 0.26722
20 53 0.186306
20 54 0.120204
20 55 0.137404
20 57 0.0745639
21 2 0.01667
21 9 0.238661
21 10 0.186367
21 12 0.134338
21 14 0.0667
21 19 0.132631
21 23 0.1333
21 27 0.250557
21 33 0.1
21 34 0.137404
21 35 0.194394
21 39 0.219248
21 46 0.226662
21 47 0.137404
21 48 0.203472
21 50 0.149043
21 51 0.204223
21 56 0.149043
22 3 0.0372797
22 4 0.0971539
22 6 0.254438
22 7 0.201376
22 8 0.0527025
22 11 0.171578
22 13 0.16667
22 16 0.0707107
22 18 0.238633
22 20 0.263526
22 25 0.226677
22 26 0.232131
22 28 0.12696
22 31 0.208839
22 32 0.254382
22 37 0.238661
22 38 0.253865
22 42 0.26666
22 43 0.164161
22 44 0.194368
22 45 0.25
22 49 0.130175
22 52 0.134402
22 53 0.252208
22 54 0.143355
22 55 0.250557
23 2 0.134338
23 12 0.01667
23 14 0.2
23 19 0.257097
23 21 0.1333
23 33 0.16664
23 34 0.268675
23 39 0.0898134
23 47 0.268675
24 0 0.1334
24 5 0.083336
24 6 0.126923
24 7 0.195139
24 9 0.0686546
24 10 0.1166
24 11 0.208891
24 14 0.232076
24 15 0.167531
24 17 0.200694
24 18 0.169999
24 19 0.168938
24 20 0.121366
24 26 0.186404
24 28 0.25
24 29 0.0526836
24 30 0.115662
24 34 0.158114
24 35 0.117786
24 36 0.0972397
24 37 0.158114
24 38 0.16753
24 40 0.15
24 43 0.223607
24 44 0.186367
24 45 0.250557
24 46 0.111803
24 47 0.158114
24 48 0.121273
24 49 0.235721
24 50 0.150922
24 51 0.166122
24 54 0.226743
24 55 0.25
24 56 0.212132
24 57 0.05
25 3 0.263526
25 4 0.254352
25 7 0.2166
25 11 0.219151
25 13 0.134338
25 15 0.247735
25 16 0.226668
25 17 0.216665
25 18 0.235669
25 22 0.226677
25 26 0.219149
25 31 0.0333
25 38 0.238598
25 40 0.258735
25 43 0.20276
25 44 0.233895
25 49 0.253828
25 52 0.117845
25 53 0.120181
25 54 0.226628
25 55 0.164145
26 0 0.0600907
26 3 0.258719
26 4 0.16667
26 5 0.25392
26 6 0.157288
26 7 0.03333
26 8 0.235694
26 9 0.254951
26 11 0.06667
26 13 0.0971539
26 15 0.0527152
26 16 0.169964
26 17 0.0526836
26 18 0.0167
26 20 0.0667
26 22 0.232131
26 24 0.186404
26 25 0.219149
26 28 0.169984
26 29 0.216665
26 30 0.081638
26 31 0.186306
26 36 0.10138
26 37 0.177221
26 38 0.0235962
26 40 0.0471853
26 43 0.0687055
26 44 0.0527152
26 49 0.134372
26 52 0.25
26 53 0.12127
26 54 0.1
26 55 0.0744745
26 57 0.137501
27 1 0.174037
27 2 0.233927
27 14 0.263544
27 21 0.250557
27 33 0.150927
27 56 0.236875
28 0 0.200688
28 3 0.130169
28 4 0.0334
28 6 0.130175
28 7 0.13746
28 8 0.0942998
28 11 0.10543
28 13 0.165018
28 15 0.217313
28 16 0.0667
28 17 0.222364
28 18 0.167505
28 20 0.169964
28 22 0.12696
28 24 0.25
28 26 0.169984
28 30 0.214252
28 31 0.254438
28 32 0.267176
28 36 0.164121
28 37 0.111803
28 38 0.184099
28 40 0.2
28 43 0.111803
28 44 0.117859
28 45 0.142369
28 49 0.0372887
28 52 0.233995
28 53 0.25
28 54 0.0745684
28 55 0.223607
28 57 0.223607
29 0 0.158114
29 5 0.0373289
29 6 0.179475
29 7 0.231537
29 9 0.0600907
29 10 0.111803
29 11 0.25
29 14 0.240368
29 15 0.186306
29 17 0.219149
29 18 0.201352
29 19 0.16588
29 20 0.157203
29 24 0.0526836
29 26 0.216665
29 30 0.137243
29 34 0.16672
29 35 0.105408
29 36 0.141421
29 37 0.210797
29 38 0.195045
29 40 0.173941
29 43 0.263468
29 44 0.226662
29 46 0.0834
29 47 0.16672
29 48 0.101378
29 50 0.149128
29 51 0.135104
29 56 0.240407
29 57 0.08328
30 0 0.0215551
30 4 0.22215
30 5 0.174109
30 6 0.143648
30 7 0.103714
30 9 0.181777
30 10 0.23198
30 11 0.130662
30 13 0.178758
30 15 0.0518694
30 16 0.234538
30 17 0.085064
30 18 0.0682821
30 20 0.0447486
30 24 0.115662
30 26 0.081638
30 28 0.214252
30 29 0.137243
30 31 0.263428
30 35 0.23176
30 36 0.0690914
30 37 0.174025
30 38 0.0587313
30 40 0.0367116
30 43 0.140056
30 44 0.107863
30 46 0.218538
30 48 0.232737
30 49 0.185376
30 50 0.26658
30 53 0.18525
30 54 0.160027
30 55 0.13538
30 57 0.0660889
31 0 0.242636
31 3 0.246099
31 4 0.226668
31 7 0.1833
31 8 0.25
31 11 0.186307
31 13 0.10138
31 15 0.216665
31 16 0.200698
31 17 0.186367
31 18 0.202758
31 20 0.252212
31 22 0.208839
31 25 0.0333
31 26 0.186306
31 28 0.254438
31 30 0.263428
31 38 0.206155
31 40 0.226721
31 43 0.170001
31 44 0.200694
31 49 0.223607
31 52 0.117859
31 53 0.0942998
31 54 0.195048
31 55 0.134397
32 3 0.217268
32 8 0.216654
32 22 0.254382
32 28 0.267176
32 42 0.142369
32 45 0.24609
33 1 0.25
33 2 0.08333
33 10 0.247788
33 12 0.177146
33 14 0.120204
33 19 0.201745
33 21 0.1
33 23 0.16664
33 27 0.150927
33 34 0.188536
33 35 0.260363
33 39 0.226724
33 47 0.188536
33 50 0.213419
33 56 0.137404
34 2 0.142369
34 5 0.153662
34 6 0.210816
34 9 0.106773
34 10 0.0601295
34 12 0.26712
34 14 0.0744745
34 19 0.036907
34 20 0.26722
34 21 0.137404
34 23 0.268675
34 24 0.158114
34 29 0.16672
34 33 0.188536
34 35 0.0745684
34 36 0.2334
34 37 0.223607
34 45 0.260363
34 46 0.111803
34 47 0
34 48 0.0897837
34 50 0.03334
34 51 0.12139
34 56 0.1
34 57 0.206155
35 0 0.250555
35 2 0.203472
35 5 0.08328
35 6 0.213383
35 9 0.05
35 10 0.01667
35 14 0.141421
35 19 0.061877
35 20 0.238598
35 21 0.194394
35 24 0.117786
35 29 0.105408
35 30 0.23176
35 33 0.260363
35 34 0.0745684
35 36 0.21082
35 37 0.235657
35 40 0.267121
35 46 0.037235
35 47 0.0745684
35 48 0.01667
35 50 0.0471853
35 51 0.064108
35 56 0.169984
35 57 0.167432
36 0 0.0707107
36 4 0.180278
36 5 0.177221
36 6 0.0745595
36 7 0.101378
36 8 0.254382
36 9 0.164149
36 10 0.206155
36 11 0.111803
36 13 0.186306
36 15 0.106695
36 16 0.200671
36 17 0.134315
36 18 0.0849516
36 19 0.253456
36 20 0.0372395
36 24 0.0972397
36 26 0.10138
36 28 0.164121
36 29 0.141421
36 30 0.0690914
36 34 0.2334
36 35 0.21082
36 37 0.10543
36 38 0.0897243
36 40 0.08328
36 43 0.126868
36 44 0.0897206
36 45 0.210829
36 46 0.208891
36 47 0.2334
36 48 0.216669
36 49 0.143347
36 50 0.235769
36 51 0.26308
36 53 0.222296
36 54 0.130169
36 55 0.173941
36 56 0.25392
36 57 0.0601295
37 0 0.171626
37 3 0.240368
37 4 0.142462
37 5 0.238633
37 6 0.03334
37 7 0.157293
37 8 0.203466
37 9 0.203407
37 10 0.224178
37 11 0.142462
37 13 0.226724
37 15 0.203464
37 16 0.174037
37 17 0.22423
37 18 0.165018
37 19 0.254963
37 20 0.13439
37 22 0.238661
37 24 0.158114
37 26 0.177221
37 28 0.111803
37 29 0.210797
37 30 0.174025
37 34 0.223607
37 35 0.235657
37 36 0.10543
37 38 0.177196
37 40 0.180278
37 43 0.158114
37 44 0.134402
37 45 0.105399
37 46 0.25
37 47 0.223607
37 48 0.247728
37 49 0.117883
37 50 0.240374
37 54 0.134438
37 55 0.25
37 56 0.2
37 57 0.15
38 0 0.037235
38 4 0.184099
38 5 0.23217
38 6 0.153684
38 7 0.0527152
38 8 0.254951
38 9 0.235669
38 11 0.0849967
38 13 0.120187
38 15 0.03333
38 16 0.190036
38 17 0.0471145
38 18 0.01667
38 20 0.0527057
38 22 0.253865
38 24 0.16753
38 25 0.238598
38 26 0.0235962
38 28 0.184099
38 29 0.195045
38 30 0.0587313
38 31 0.206155
38 36 0.0897243
38 37 0.177196
38 40 0.0235891
38 43 0.0897466
38 44 0.06667
38 49 0.15
38 53 0.134337
38 54 0.117859
38 55 0.0849497
38 57 0.117883
39 2 0.217339
39 12 0.0972397
39 21 0.219248
39 23 0.0898134
39 33 0.226724
40 0 0.0166
40 4 0.20277
40 5 0.21082
40 6 0.153654
40 7 0.0745595
40 9 0.217241
40 10 0.2666
40 11 0.10543
40 13 0.143397
40 15 0.0235962
40 16 0.210829
40 17 0.0527057
40 18 0.0372797
40 20 0.0471145
40 24 0.15
40 25 0.258735
40 26 0.0471853
40 28 0.2
40 29 0.173941
40 30 0.0367116
40 31 0.226721
40 35 0.267121
40 36 0.08328
40 37 0.180278
40 38 0.0235891
40 43 0.111803
40 44 0.0849869
40 46 0.254951
40 48 0.268677
40 49 0.167495
40 53 0.15
40 54 0.13745
40 55 0.1
40 57 0.1
42 3 0.233927
42 8 0.254951
42 22 0.26666
42 32 0.142369
43 0 0.120148
43 3 0.190026
43 4 0.101368
43 6 0.150922
43 7 0.037244
43 8 0.167495
43 11 0.0166
43 13 0.0687516
43 15 0.121329
43 16 0.101385
43 17 0.11667
43 18 0.0745237
43 20 0.106695
43 22 0.164161
43 24 0.223607
43 25 0.20276
43 26 0.0687055
43 28 0.111803
43 29 0.263468
43 30 0.140056
43 31 0.170001
43 36 0.126868
43 37 0.158114
43 38 0.0897466
43 40 0.111803
43 44 0.0372395
43 45 0.236852
43 49 0.0745147
43 52 0.201443
43 53 0.141421
43 54 0.037235
43 55 0.111803
43 57 0.180278
44 0 0.0897373
44 3 0.216654
44 4 0.117859
44 5 0.263551
44 6 0.121366
44 7 0.0235962
44 8 0.190026
44 9 0.253828
44 11 0.0235962
44 13 0.1
44 15 0.1
44 16 0.126933
44 17 0.105399
44 18 0.05
44 20 0.0707107
44 22 0.194368
44 24 0.186367
44 25 0.233895
44 26 0.0527152
44 28 0.117859
44 29 0.226662
44 30 0.107863
44 31 0.200694
44 36 0.0897206
44 37 0.134402
44 38 0.06667
44 40 0.0849869
44 43 0.0372395
44 45 0.22423
44 49 0.08333
44 52 0.238661
44 53 0.157203
44 54 0.0527152
44 55 0.117825
44 57 0.143397
45 1 0.200691
45 3 0.235669
45 4 0.174037
45 6 0.137435
45 7 0.247795
45 8 0.200693
45 11 0.224252
45 16 0.206155
45 18 0.263526
45 20 0.238633
45 22 0.25
45 24 0.250557
45 28 0.142369
45 32 0.24609
45 34 0.260363
45 36 0.210829
45 37 0.105399
45 43 0.236852
45 44 0.22423
45 47 0.260363
45 49 0.171597
45 54 0.203472
45 56 0.194394
45 57 0.252208
46 0 0.238696
46 2 0.236852
46 5 0.0527057
46 6 0.224222
46 9 0.0471853
46 10 0.0526836
46 14 0.177123
46 15 0.268775
46 19 0.0960111
46 20 0.23217
46 21 0.226662
46 24 0.111803
46 29 0.0834
46 30 0.218538
46 34 0.111803
46 35 0.037235
46 36 0.208891
46 37 0.25
46 40 0.254951
46 47 0.111803
46 48 0.0235184
46 50 0.083328
46 51 0.0543832
46 56 0.206155
46 57 0.158114
47 2 0.142369
47 5 0.153662
47 6 0.210816
47 9 0.106773
47 10 0.0601295
47 12 0.26712
47 14 0.0744745
47 19 0.036907
47 20 0.26722
47 21 0.137404
47 23 0.268675
47 24 0.158114
47 29 0.16672
47 33 0.188536
47 34 0
47 35 0.0745684
47 36 0.2334
47 37 0.223607
47 45 0.260363
47 46 0.111803
47 48 0.0897837
47 50 0.03334
47 51 0.12139
47 56 0.1
47 57 0.206155
48 0 0.252213
48 2 0.213468
48 5 0.0744745
48 6 0.224178
48 9 0.0527057
48 10 0.03334
48 14 0.153662
48 19 0.0724929
48 20 0.242639
48 21 0.203472
48 24 0.121273
48 29 0.101378
48 30 0.232737
48 34 0.0897837
48 35 0.01667
48 36 0.216669
48 37 0.247728
48 40 0.268677
48 46 0.0235184
48 47 0.0897837
48 50 0.0601295
48 51 0.0506297
48 56 0.186357
48 57 0.169903
49 0 0.169954
49 3 0.143355
49 4 0.0372887
49 6 0.12696
49 7 0.101385
49 8 0.111803
49 11 0.0687201
49 13 0.130169
49 15 0.18333
49 16 0.0600962
49 17 0.18633
49 18 0.13333
49 20 0.142397
49 22 0.130175
49 24 0.235721
49 25 0.253828
49 26 0.134372
49 28 0.0372887
49 30 0.185376
49 31 0.223607
49 36 0.143347
49 37 0.117883
49 38 0.15
49 40 0.167495
49 43 0.0745147
49 44 0.08333
49 45 0.171597
49 52 0.21734
49 53 0.213411
49 54 0.0372797
49 55 0.186318
49 57 0.203456
50 2 0.157208
50 5 0.130169
50 6 0.223607
50 9 0.0898134
50 10 0.0373245
50 14 0.0942361
50 19 0.0180348
50 20 0.26722
50 21 0.149043
50 24 0.150922
50 29 0.149128
50 30 0.26658
50 33 0.213419
50 34 0.03334
50 35 0.0471853
50 36 0.235769
50 37 0.240374
50 46 0.083328
50 47 0.03334
50 48 0.0601295
50 51 0.08805
50 56 0.13334
50 57 0.200693
51 2 0.217125
51 5 0.100111
51 9 0.0997489
51 10 0.0788168
51 14 0.168445
51 19 0.0909686
51 21 0.204223
51 24 0.166122
51 29 0.135104
51 34 0.12139
51 35 0.064108
51 36 0.26308
51 46 0.0543832
51 47 0.12139
51 48 0.0506297
51 50 0.08805
51 56 0.22139
51 57 0.212359
52 3 0.16672
52 4 0.200694
52 7 0.231542
52 8 0.186367
52 11 0.216665
52 13 0.153684
52 16 0.167531
52 18 0.263551
52 22 0.134402
52 25 0.117845
52 26 0.25
52 28 0.233995
52 31 0.117859
52 43 0.201443
52 44 0.238661
52 49 0.21734
52 53 0.201409
52 54 0.206155
52 55 0.226728
53 0 0.1666
53 4 0.231507
53 7 0.13431
53 11 0.153608
53 13 0.0897373
53 15 0.134338
53 16 0.216654
53 17 0.10138
53 18 0.137404
53 20 0.186306
53 22 0.252208
53 25 0.120181
53 26 0.12127
53 28 0.25
53 30 0.18525
53 31 0.0942998
53 36 0.222296
53 38 0.134337
53 40 0.15
53 43 0.141421
53 44 0.157203
53 49 0.213411
53 52 0.201409
53 54 0.177123
53 55 0.05
53 57 0.25
54 0 0.142397
54 3 0.164121
54 4 0.06667
54 6 0.134438
54 7 0.06667
54 8 0.137426
54 11 0.03333
54 13 0.0971539
54 15 0.150927
54 16 0.0745237
54 17 0.150916
54 18 0.101385
54 20 0.120204
54 22 0.143355
54 24 0.226743
54 25 0.226628
54 26 0.1
54 28 0.0745684
54 30 0.160027
54 31 0.195048
54 36 0.130169
54 37 0.134438
54 38 0.117859
54 40 0.13745
54 43 0.037235
54 44 0.0527152
54 45 0.203472
54 49 0.0372797
54 52 0.206155
54 53 0.177123
54 55 0.149038
54 57 0.188607
55 0 0.1166
55 4 0.210797
55 6 0.231537
55 7 0.0942291
55 8 0.268731
55 11 0.120148
55 13 0.0849869
55 15 0.0849516
55 16 0.202753
55 17 0.0527057
55 18 0.0897206
55 20 0.137404
55 22 0.250557
55 24 0.25
55 25 0.164145
55 26 0.0744745
55 28 0.223607
55 30 0.13538
55 31 0.134397
55 36 0.173941
55 37 0.25
55 38 0.0849497
55 40 0.1
55 43 0.111803
55 44 0.117825
55 49 0.186318
55 52 0.226728
55 53 0.05
55 54 0.149038
55 57 0.2
56 1 0.233927
56 2 0.142369
56 5 0.238633
56 6 0.20276
56 9 0.186372
56 10 0.153674
56 14 0.0942361
56 19 0.13344
56 21 0.149043
56 24 0.212132
56 27 0.236875
56 29 0.240407
56 33 0.137404
56 34 0.1
56 35 0.169984
56 36 0.25392
56 37 0.2
56 45 0.194394
56 46 0.206155
56 47 0.1
56 48 0.186357
56 50 0.13334
56 51 0.22139
56 57 0.25
57 0 0.0834
57 4 0.240407
57 5 0.120187
57 6 0.11666
57 7 0.149128
57 9 0.117786
57 10 0.1666
57 11 0.16672
57 13 0.23217
57 15 0.117885
57 16 0.260363
57 17 0.150923
57 18 0.121366
57 19 0.218724
57 20 0.0745639
57 24 0.05
57 26 0.137501
57 28 0.223607
57 29 0.08328
57 30 0.0660889
57 34 0.206155
57 35 0.167432
57 36 0.0601295
57 37 0.15
57 38 0.117883
57 40 0.1
57 43 0.180278
57 44 0.143397
57 45 0.252208
57 46 0.158114
57 47 0.206155
57 48 0.169903
57 49 0.203456
57 50 0.200693
57 51 0.212359
57 53 0.25
57 54 0.188607
57 55 0.2
57 56 0.25
-1