10 4
0 25441 0.750038
1 25445 0.942262
2 25485 0.80335
3 25498 0.612735
4 25542 0.509588
5 25601 0.764119
6 25678 1.00681
7 25690 0.520537
8 25694 0.807876
9 25742 0.532347
0 1 0.0600907
0 6 0.105399
0 8 0.142397
1 0 0.0600907
1 2 0.137435
1 6 0.106695
1 8 0.1
1 9 0.11667
2 1 0.137435
2 4 0.01666
2 6 0.083336
2 7 0.121369
2 8 0.0471216
2 9 0.0372395
4 2 0.01666
4 6 0.0971797
4 7 0.12696
4 8 0.060074
4 9 0.0471145
6 0 0.105399
6 1 0.106695
6 2 0.083336
6 4 0.0971797
6 7 0.0745639
6 8 0.0897206
6 9 0.0971539
7 2 0.121369
7 4 0.12696
7 6 0.0745639
7 8 0.15
7 9 0.150923
8 0 0.142397
8 1 0.1
8 2 0.0471216
8 4 0.060074
8 6 0.0897206
8 7 0.15
8 9 0.01667
9 1 0.11667
9 2 0.0372395
9 4 0.0471145
9 6 0.0971539
9 7 0.150923
9 8 0.01667
-1
