153 -1
0 33565 1.83384
1 33566 2.30383
2 33567 1.96419
3 33568 1.49813
4 33569 1.24594
5 33570 1.86827
6 33571 2.46166
7 33572 1.27271
8 33573 1.97525
9 33574 1.30159
10 33575 1.88302
11 33576 1.34355
12 33577 2.17613
13 33578 2.2391
14 33579 2.32972
15 33580 1.43547
16 33581 1.49911
17 33582 2.2048
18 33583 2.20605
19 33584 1.31552
20 33585 1.76679
21 33586 1.29916
22 33587 1.65381
23 33588 1.86213
24 33589 1.25309
25 33590 1.55568
26 33591 1.68188
27 33592 2.16994
28 33593 1.27763
29 33594 1.32263
30 33595 1.45724
31 33596 1.87814
32 33597 2.39313
33 33598 2.1881
34 33599 2.14295
35 33600 2.40574
36 33601 1.58971
37 33602 2.13795
38 33603 2.44512
39 33604 2.33164
40 33605 2.20621
41 33606 1.86149
42 33607 2.44187
43 33608 1.91569
44 33609 1.63393
45 33610 2.30493
46 33611 2.11783
47 33612 1.89972
48 33613 2.04308
49 33614 1.85722
50 33615 1.98191
51 33616 1.34322
52 33617 1.92306
53 33618 2.40239
54 33619 1.97202
55 33620 1.94282
56 33621 1.49142
57 33622 2.42057
58 33623 1.64611
59 33624 1.53573
60 33625 1.27655
61 33626 1.87003
62 33627 2.18054
63 33628 2.43635
64 33629 1.59147
65 33630 1.85684
66 33631 2.37544
67 33632 1.94786
68 33633 1.52814
69 33634 2.35391
70 33635 1.81284
71 33636 1.2677
72 33637 1.74874
73 33638 1.78806
74 33639 1.95006
75 33640 2.14935
76 33641 1.62634
77 33642 1.60123
78 33643 1.58241
79 33644 2.43609
80 33645 2.22513
81 33646 2.331
82 33647 1.31265
83 33648 1.68153
84 33649 2.26674
85 33650 2.05134
86 33651 2.39102
87 33652 1.29151
88 33653 2.00526
89 33654 1.57048
90 33655 1.59391
91 33656 2.04848
92 33657 2.20718
93 33658 1.3078
94 33659 2.01818
95 33660 1.332
96 33661 1.93131
97 33662 1.92696
98 33663 2.04653
99 33664 2.22613
100 33665 1.81422
101 33666 1.39272
102 33667 2.2605
103 33668 2.32963
104 33669 1.94745
105 33670 1.7439
106 33671 2.01232
107 33672 2.34046
108 33673 2.11181
109 33674 2.36141
110 33675 2.3099
111 33676 1.87028
112 33677 2.22575
113 33678 2.38922
114 33679 2.31848
115 33680 2.02583
116 33681 1.97391
117 33682 2.24285
118 33683 2.08401
119 33684 1.51252
120 33685 1.34668
121 33686 2.44459
122 33687 2.32767
123 33688 2.32053
124 33689 1.28573
125 33690 1.8792
126 33691 2.4192
127 33692 1.98372
128 33693 1.33951
129 33694 1.99908
130 33695 1.74319
131 33696 1.92039
132 33697 2.15847
133 33698 1.53703
134 33699 1.78337
135 33700 1.63927
136 33701 2.04761
137 33702 1.32904
138 33703 1.51308
139 33704 1.69276
140 33705 2.45712
141 33706 1.35633
142 33707 2.32972
143 33708 2.21621
144 33709 1.27889
145 33710 2.18155
146 33711 1.77539
147 33712 2.01948
148 33713 1.95775
149 33714 1.39275
150 33715 2.29867
151 33716 2.0711
152 33717 1.37069
0 1 0.237224
0 2 0.324893
0 8 0.180622
0 9 0.0759468
0 10 0.293169
0 11 0.235127
0 14 0.354562
0 15 0.179795
0 16 0.354829
0 17 0.166415
0 18 0.358677
0 19 0.163952
0 21 0.357413
0 24 0.201653
0 29 0.0727213
0 32 0.228711
0 33 0.364653
0 34 0.307844
0 35 0.049399
0 38 0.347051
0 40 0.178062
0 42 0.273752
0 45 0.229512
0 48 0.233178
0 49 0.369823
0 51 0.196192
0 56 0.350299
0 58 0.0519682
0 59 0.117991
0 60 0.104595
0 61 0.33141
0 62 0.358328
0 67 0.150333
0 70 0.168628
0 75 0.301178
0 77 0.232989
0 78 0.132779
0 80 0.0928072
0 81 0.101056
0 82 0.12813
0 85 0.322041
0 86 0.209441
0 90 0.200139
0 91 0.19713
0 92 0.191164
0 93 0.237544
0 94 0.133099
0 95 0.238957
0 98 0.320514
0 100 0.31867
0 106 0.353794
0 109 0.33364
0 110 0.257848
0 114 0.328278
0 115 0.30797
0 116 0.145646
0 117 0.318638
0 118 0.272502
0 122 0.206882
0 125 0.298256
0 128 0.280102
0 132 0.297108
0 133 0.234935
0 134 0.133136
0 136 0.268924
0 137 0.108462
0 141 0.362098
0 143 0.312473
0 148 0.235636
0 152 0.173587
1 0 0.237224
1 2 0.1
1 5 0.348007
1 7 0.273369
1 8 0.268775
1 9 0.242639
1 10 0.36893
1 11 0.30067
1 14 0.121366
1 16 0.321899
1 17 0.105399
1 18 0.24609
1 19 0.242686
1 21 0.210829
1 23 0.320587
1 24 0.31135
1 26 0.175307
1 28 0.283804
1 29 0.179538
1 30 0.208803
1 31 0.170001
1 32 0.0527152
1 33 0.235728
1 34 0.314491
1 35 0.212132
1 36 0.340259
1 38 0.117883
1 40 0.101378
1 42 0.188536
1 45 0.106689
1 48 0.295301
1 56 0.306432
1 58 0.259254
1 59 0.186327
1 60 0.286769
1 61 0.213419
1 62 0.16666
1 63 0.2
1 65 0.350391
1 67 0.346816
1 68 0.2
1 69 0.226721
1 70 0.3
1 73 0.272196
1 75 0.235721
1 77 0.0471145
1 78 0.304138
1 80 0.317855
1 81 0.335958
1 82 0.250555
1 86 0.149038
1 90 0.195045
1 91 0.15
1 92 0.0471216
1 93 0.26667
1 94 0.2
1 95 0.353553
1 98 0.08336
1 100 0.158114
1 103 0.158114
1 106 0.33082
1 110 0.0745147
1 112 0.201357
1 114 0.117849
1 115 0.238633
1 116 0.343561
1 117 0.269258
1 118 0.0527057
1 122 0.111803
1 124 0.291075
1 125 0.12132
1 128 0.06666
1 129 0.31135
1 133 0.194394
1 135 0.267182
1 136 0.268711
1 137 0.130175
1 139 0.143347
1 141 0.134337
1 142 0.247739
1 143 0.258936
1 144 0.314487
1 146 0.240374
1 150 0.350398
2 0 0.324893
2 1 0.1
2 7 0.226695
2 8 0.368212
2 9 0.339903
2 11 0.326194
2 14 0.0372797
2 16 0.300464
2 17 0.16664
2 18 0.306432
2 19 0.286769
2 21 0.260363
2 24 0.351566
2 26 0.0754478
2 28 0.232131
2 29 0.274907
2 30 0.130149
2 31 0.0745684
2 32 0.0971539
2 33 0.179521
2 35 0.291548
2 38 0.0235891
2 40 0.200693
2 42 0.268711
2 45 0.195045
2 58 0.33745
2 59 0.247745
2 60 0.354368
2 61 0.169964
2 62 0.194359
2 63 0.1
2 65 0.320583
2 68 0.223607
2 69 0.134397
2 73 0.20681
2 75 0.314491
2 77 0.137404
2 82 0.350397
2 86 0.242636
2 90 0.291037
2 91 0.180278
2 92 0.137406
2 93 0.284803
2 94 0.3
2 98 0.060074
2 100 0.212132
2 103 0.0707107
2 105 0.356299
2 110 0.149038
2 112 0.117832
2 114 0.143347
2 115 0.21667
2 117 0.25
2 118 0.0527057
2 122 0.206155
2 124 0.28528
2 125 0.17714
2 128 0.120181
2 129 0.351566
2 133 0.284831
2 135 0.291078
2 136 0.358979
2 137 0.216669
2 139 0.117849
2 141 0.037235
2 142 0.157208
2 143 0.240016
2 144 0.274885
2 146 0.166672
2 150 0.368943
3 5 0.236875
3 6 0.351584
3 7 0.321899
3 12 0.318449
3 13 0.111803
3 18 0.343204
3 20 0.0833
3 21 0.33748
3 22 0.0897466
3 23 0.307316
3 27 0.25
3 36 0.355806
3 39 0.116064
3 41 0.0849516
3 43 0.313107
3 46 0.3667
3 50 0.223607
3 53 0.286713
3 54 0.206155
3 55 0.208803
3 57 0.3333
3 62 0.353553
3 65 0.223607
3 68 0.320583
3 76 0.194394
3 79 0.291037
3 84 0.350427
3 87 0.254951
3 88 0.21734
3 89 0.27375
3 99 0.0235891
3 105 0.203456
3 108 0.060074
3 111 0.233894
3 113 0.083328
3 119 0.343559
3 123 0.286769
3 124 0.233927
3 126 0.0942998
3 127 0.0600962
3 129 0.254382
3 135 0.258745
3 138 0.101385
3 140 0.121369
3 149 0.328691
3 150 0.179512
4 5 0.201352
4 6 0.300464
4 8 0.217305
4 9 0.320593
4 10 0.149092
4 12 0.23392
4 18 0.169903
4 21 0.222296
4 23 0.137404
4 25 0.320156
4 29 0.337454
4 34 0.0849771
4 36 0.0792391
4 40 0.296726
4 42 0.190031
4 43 0.142397
4 44 0.171597
4 45 0.271318
4 46 0.268744
4 48 0.16667
4 49 0.0471923
4 50 0.213411
4 53 0.141421
4 54 0.254382
4 56 0.074479
4 57 0.26666
4 62 0.295304
4 64 0.33541
4 68 0.287678
4 70 0.250557
4 74 0.363065
4 75 0.143322
4 76 0.23565
4 77 0.330826
4 78 0.300464
4 79 0.206155
4 82 0.268741
4 85 0.120204
4 86 0.236883
4 87 0.232122
4 88 0.306384
4 90 0.208839
4 94 0.263513
4 95 0.210829
4 96 0.219219
4 97 0.0667
4 100 0.253828
4 102 0.268772
4 106 0.0471216
4 107 0.195142
4 109 0.187611
4 110 0.310022
4 111 0.269258
4 114 0.328298
4 116 0.337069
4 119 0.18333
4 120 0.184156
4 121 0.03333
4 122 0.271291
4 124 0.351583
4 125 0.283336
4 126 0.33328
4 128 0.33745
4 129 0.206155
4 131 0.337508
4 132 0.203464
4 133 0.189988
4 135 0.26712
4 136 0.126933
4 145 0.117849
4 150 0.284738
4 151 0.259317
5 1 0.348007
5 3 0.236875
5 4 0.201352
5 6 0.294866
5 7 0.291103
5 8 0.343204
5 10 0.330826
5 12 0.224252
5 13 0.300459
5 18 0.117859
5 20 0.296713
5 21 0.137426
5 22 0.323592
5 23 0.0707107
5 27 0.337059
5 30 0.367017
5 34 0.235728
5 36 0.123936
5 39 0.265887
5 40 0.31667
5 41 0.210829
5 42 0.202753
5 43 0.142369
5 45 0.267192
5 46 0.283846
5 48 0.309998
5 49 0.246111
5 50 0.0971797
5 53 0.0849516
5 54 0.142397
5 55 0.28528
5 56 0.165018
5 57 0.259247
5 62 0.194368
5 65 0.250555
5 66 0.367021
5 68 0.166664
5 75 0.179521
5 76 0.0849869
5 77 0.307325
5 79 0.177146
5 85 0.310016
5 86 0.268741
5 87 0.166664
5 88 0.210829
5 90 0.279377
5 94 0.348007
5 96 0.254432
5 97 0.263522
5 98 0.328732
5 99 0.213419
5 100 0.190026
5 102 0.350427
5 105 0.26722
5 106 0.190031
5 108 0.296718
5 110 0.274885
5 111 0.186327
5 113 0.231542
5 114 0.246099
5 119 0.208803
5 121 0.189997
5 122 0.28333
5 124 0.174037
5 125 0.226704
5 126 0.143355
5 127 0.294866
5 128 0.284803
5 129 0.0372797
5 133 0.242676
5 135 0.106695
5 136 0.240352
5 138 0.313121
5 139 0.283804
5 140 0.219214
5 145 0.202758
5 150 0.0849516
6 3 0.351584
6 4 0.300464
6 5 0.294866
6 12 0.0745237
6 13 0.307317
6 23 0.305962
6 25 0.189997
6 27 0.190025
6 36 0.29487
6 37 0.18633
6 41 0.26722
6 43 0.179521
6 46 0.0372887
6 47 0.3171
6 49 0.333758
6 50 0.200698
6 52 0.169999
6 53 0.231558
6 54 0.171597
6 55 0.179534
6 56 0.343591
6 57 0.0372887
6 64 0.1333
6 66 0.0745147
6 71 0.258441
6 72 0.117849
6 74 0.175198
6 76 0.226668
6 79 0.120204
6 83 0.200696
6 84 0.12132
6 87 0.130175
6 88 0.134338
6 89 0.237274
6 96 0.0849967
6 97 0.304138
6 99 0.33703
6 101 0.171578
6 102 0.134402
6 104 0.137565
6 106 0.337069
6 111 0.12696
6 119 0.117859
6 120 0.357867
6 121 0.267192
6 123 0.271291
6 126 0.300431
6 129 0.330846
6 130 0.142369
6 131 0.167531
6 138 0.339901
6 140 0.2333
6 145 0.18334
6 147 0.134397
6 149 0.149083
6 150 0.346784
6 151 0.203472
7 1 0.273369
7 2 0.226695
7 3 0.321899
7 5 0.291103
7 14 0.190026
7 18 0.2834
7 20 0.301854
7 21 0.233994
7 23 0.323641
7 26 0.222932
7 30 0.117835
7 31 0.25
7 32 0.305954
7 38 0.206155
7 39 0.229748
7 40 0.33336
7 42 0.311358
7 45 0.291548
7 62 0.174037
7 63 0.219204
7 65 0.101385
7 68 0.16753
7 69 0.158114
7 75 0.337128
7 76 0.346865
7 77 0.271311
7 86 0.33541
7 92 0.320156
7 98 0.194359
7 99 0.313173
7 100 0.226721
7 103 0.167495
7 105 0.13334
7 108 0.359799
7 110 0.25
7 112 0.300459
7 113 0.242686
7 114 0.180278
7 118 0.260887
7 122 0.314491
7 124 0.120187
7 125 0.223607
7 126 0.296788
7 127 0.339948
7 128 0.224252
7 129 0.263525
7 133 0.353221
7 135 0.190094
7 139 0.130214
7 141 0.20277
7 142 0.307304
7 146 0.351581
7 150 0.226749
8 0 0.180622
8 1 0.268775
8 2 0.368212
8 4 0.217305
8 5 0.343204
8 9 0.10543
8 10 0.117825
8 15 0.304138
8 17 0.268798
8 18 0.236875
8 19 0.333336
8 21 0.260344
8 23 0.275897
8 29 0.141421
8 32 0.295397
8 34 0.13333
8 35 0.217322
8 36 0.244429
8 40 0.167531
8 42 0.16672
8 43 0.35159
8 44 0.213383
8 45 0.186404
8 48 0.0526836
8 49 0.190026
8 51 0.189641
8 53 0.327468
8 56 0.190026
8 58 0.232167
8 59 0.271359
8 60 0.284803
8 62 0.298171
8 67 0.323618
8 68 0.314496
8 70 0.0471145
8 75 0.166664
8 77 0.2334
8 78 0.0897373
8 80 0.166745
8 81 0.201556
8 82 0.0527152
8 85 0.143355
8 86 0.137501
8 90 0.0898134
8 91 0.323634
8 92 0.242735
8 94 0.0745639
8 95 0.0849516
8 97 0.232131
8 98 0.333816
8 100 0.246111
8 106 0.184089
8 107 0.25
8 109 0.171878
8 110 0.235768
8 114 0.295397
8 116 0.134341
8 118 0.320623
8 120 0.282843
8 121 0.250551
8 122 0.167531
8 125 0.247829
8 128 0.268775
8 129 0.323649
8 132 0.142369
8 133 0.120187
8 134 0.252208
8 135 0.341969
8 136 0.10543
8 137 0.203472
8 139 0.359783
8 145 0.334989
8 148 0.291548
8 152 0.223607
9 0 0.0759468
9 1 0.242639
9 2 0.339903
9 4 0.320593
9 8 0.10543
9 10 0.217322
9 11 0.308848
9 14 0.364005
9 15 0.216692
9 17 0.202758
9 18 0.306384
9 19 0.235657
9 21 0.314434
9 23 0.359776
9 24 0.277386
9 29 0.0666
9 32 0.250555
9 34 0.235708
9 35 0.117825
9 36 0.337998
9 38 0.359783
9 40 0.157203
9 42 0.223607
9 44 0.307316
9 45 0.200691
9 48 0.158114
9 49 0.29535
9 51 0.163663
9 56 0.283816
9 58 0.126933
9 59 0.180278
9 60 0.179484
9 62 0.329957
9 67 0.219214
9 68 0.354319
9 70 0.0943068
9 75 0.242649
9 77 0.223607
9 78 0.0687516
9 80 0.085898
9 81 0.115804
9 82 0.0527152
9 85 0.246099
9 86 0.166664
9 90 0.142397
9 91 0.247735
9 92 0.202758
9 93 0.307293
9 94 0.0745237
9 95 0.165018
9 97 0.337489
9 98 0.321888
9 100 0.283804
9 106 0.283822
9 107 0.342017
9 109 0.259899
9 110 0.240368
9 114 0.310016
9 115 0.365498
9 116 0.10138
9 118 0.287678
9 121 0.353553
9 122 0.177146
9 125 0.271311
9 128 0.268711
9 132 0.224252
9 133 0.179484
9 134 0.164161
9 136 0.2
9 137 0.134338
9 139 0.365849
9 148 0.236929
9 152 0.16672
10 0 0.293169
10 1 0.36893
10 4 0.149092
10 5 0.330826
10 8 0.117825
10 9 0.217322
10 18 0.253828
10 21 0.295304
10 23 0.260344
10 29 0.259247
10 34 0.0971539
10 35 0.333328
10 36 0.210081
10 40 0.269258
10 42 0.21734
10 43 0.291087
10 44 0.0971539
10 45 0.271346
10 48 0.0745639
10 49 0.105399
10 50 0.360555
10 51 0.230099
10 53 0.286769
10 56 0.16664
10 58 0.343204
10 62 0.353553
10 68 0.359785
10 70 0.126923
10 75 0.189997
10 77 0.327479
10 78 0.173999
10 79 0.353178
10 80 0.255878
10 81 0.289266
10 82 0.166664
10 85 0.03334
10 86 0.222394
10 90 0.174037
10 92 0.350427
10 94 0.190025
10 95 0.06666
10 96 0.351581
10 97 0.13334
10 100 0.301847
10 106 0.141421
10 107 0.134402
10 109 0.0664094
10 110 0.320623
10 114 0.3667
10 116 0.200696
10 119 0.323618
10 120 0.165018
10 121 0.179521
10 122 0.258735
10 125 0.3167
10 128 0.353553
10 129 0.323639
10 132 0.0600907
10 133 0.184056
10 134 0.337059
10 135 0.365498
10 136 0.117885
10 137 0.320156
10 145 0.254951
10 148 0.339938
10 151 0.337489
10 152 0.283822
11 0 0.235127
11 1 0.30067
11 2 0.326194
11 9 0.308848
11 14 0.363424
11 15 0.288536
11 16 0.146702
11 17 0.199197
11 19 0.075369
11 24 0.0533065
11 26 0.357759
11 28 0.228699
11 29 0.269709
11 31 0.330691
11 32 0.253509
11 33 0.237165
11 35 0.191446
11 38 0.348238
11 40 0.323494
11 45 0.369692
11 58 0.192139
11 59 0.142819
11 60 0.151725
11 61 0.210293
11 67 0.170735
11 73 0.266179
11 77 0.332516
11 78 0.367404
11 80 0.308492
11 81 0.293331
11 82 0.358059
11 91 0.152157
11 92 0.26585
11 93 0.0442295
11 94 0.344097
11 98 0.362313
11 110 0.365845
11 112 0.303446
11 115 0.153968
11 117 0.138988
11 118 0.293609
11 122 0.356118
11 128 0.367058
11 134 0.282323
11 137 0.226898
11 141 0.35555
11 142 0.340455
11 143 0.140289
11 144 0.199367
11 146 0.283548
11 152 0.361833
12 3 0.318449
12 4 0.23392
12 5 0.224252
12 6 0.0745237
12 13 0.298171
12 18 0.305962
12 21 0.346808
12 22 0.368933
12 23 0.231558
12 25 0.217241
12 27 0.217322
12 34 0.31667
12 36 0.221338
12 37 0.258719
12 41 0.238696
12 43 0.10543
12 44 0.35782
12 46 0.0600907
12 49 0.271317
12 50 0.134402
12 52 0.223607
12 53 0.157266
12 54 0.117885
12 55 0.188607
12 56 0.271317
12 57 0.037235
12 64 0.179445
12 66 0.149038
12 71 0.316847
12 72 0.190026
12 74 0.221391
12 75 0.332084
12 76 0.164149
12 79 0.0471853
12 83 0.271317
12 84 0.18333
12 85 0.343581
12 87 0.0687516
12 88 0.111803
12 89 0.270894
12 96 0.0527057
12 97 0.247753
12 99 0.300463
12 101 0.246052
12 102 0.15
12 104 0.210028
12 106 0.267192
12 107 0.360555
12 108 0.359783
12 111 0.0850497
12 113 0.368212
12 119 0.0526836
12 120 0.320156
12 121 0.200688
12 123 0.305962
12 126 0.252212
12 129 0.259317
12 130 0.20339
12 131 0.206155
12 135 0.330826
12 136 0.35159
12 138 0.328294
12 140 0.21082
12 145 0.121329
12 147 0.200691
12 149 0.20277
12 150 0.283332
12 151 0.206155
13 3 0.111803
13 5 0.300459
13 6 0.307317
13 12 0.298171
13 20 0.16664
13 22 0.0849497
13 23 0.365525
13 27 0.158114
13 37 0.35313
13 39 0.222335
13 41 0.0897373
13 43 0.329957
13 46 0.332113
13 50 0.25
13 53 0.323584
13 54 0.212132
13 55 0.1333
13 57 0.300431
13 65 0.33541
13 66 0.3333
13 71 0.289134
13 72 0.320623
13 76 0.231558
13 79 0.286713
13 83 0.343625
13 84 0.271346
13 87 0.25
13 88 0.186367
13 89 0.168799
13 96 0.350427
13 99 0.12132
13 104 0.330658
13 105 0.314478
13 108 0.0971539
13 111 0.217275
13 113 0.194359
13 119 0.337444
13 123 0.177196
13 124 0.339938
13 126 0.167495
13 127 0.120181
13 129 0.327433
13 135 0.350398
13 138 0.0333
13 140 0.0942998
13 149 0.242639
13 150 0.267182
14 0 0.354562
14 1 0.121366
14 2 0.0372797
14 7 0.190026
14 9 0.364005
14 11 0.363424
14 16 0.33333
14 17 0.200691
14 18 0.296792
14 19 0.323649
14 21 0.247819
14 23 0.365553
14 26 0.0705533
14 28 0.258719
14 29 0.300525
14 30 0.0942361
14 31 0.083336
14 32 0.130169
14 33 0.206155
14 35 0.323634
14 38 0.01667
14 40 0.21734
14 42 0.269258
14 45 0.202758
14 59 0.282843
14 61 0.200688
14 62 0.177189
14 63 0.0897206
14 65 0.28528
14 68 0.203464
14 69 0.105408
14 73 0.22894
14 75 0.313197
14 77 0.15
14 86 0.252212
14 90 0.301846
14 91 0.217322
14 92 0.164149
14 93 0.321899
14 94 0.318449
14 98 0.0527057
14 100 0.203472
14 103 0.0372395
14 105 0.320593
14 110 0.153658
14 112 0.134341
14 114 0.130169
14 115 0.250557
14 117 0.283822
14 118 0.08336
14 122 0.21734
14 124 0.254951
14 125 0.171592
14 128 0.121366
14 129 0.333336
14 133 0.291136
14 135 0.268772
14 136 0.364005
14 137 0.246111
14 139 0.0897744
14 141 0.0235255
14 142 0.164947
14 143 0.274025
14 144 0.304138
14 146 0.186327
14 150 0.343621
15 0 0.179795
15 8 0.304138
15 9 0.216692
15 11 0.288536
15 17 0.328777
15 19 0.252212
15 24 0.235768
15 29 0.25
15 35 0.203472
15 40 0.3567
15 48 0.35159
15 51 0.173734
15 58 0.157288
15 59 0.25392
15 60 0.153658
15 67 0.117885
15 70 0.267192
15 78 0.217313
15 80 0.137557
15 81 0.103078
15 82 0.258745
15 90 0.359033
15 91 0.337507
15 92 0.367095
15 93 0.3167
15 94 0.291087
15 95 0.318416
15 116 0.18408
15 132 0.359776
15 134 0.0527152
15 137 0.283846
15 148 0.111803
15 152 0.111803
16 0 0.354829
16 1 0.321899
16 2 0.300464
16 11 0.146702
16 14 0.33333
16 17 0.25
16 19 0.195139
16 24 0.2
16 26 0.299656
16 28 0.106674
16 29 0.367095
16 31 0.271307
16 32 0.269258
16 33 0.142397
16 35 0.305988
16 38 0.31666
16 58 0.321884
16 59 0.240368
16 60 0.291134
16 61 0.134359
16 63 0.31135
16 67 0.317138
16 73 0.152174
16 77 0.365525
16 91 0.19005
16 92 0.305954
16 93 0.121366
16 98 0.353553
16 103 0.351581
16 112 0.226665
16 115 0.0849869
16 117 0.0527152
16 118 0.291075
16 137 0.306432
16 141 0.317095
16 142 0.246043
16 143 0.0630892
16 144 0.0600907
16 146 0.186318
17 0 0.166415
17 1 0.105399
17 2 0.16664
17 8 0.268798
17 9 0.202758
17 11 0.199197
17 14 0.200691
17 15 0.328777
17 16 0.25
17 18 0.327459
17 19 0.13746
17 21 0.301854
17 24 0.206155
17 26 0.228665
17 28 0.246023
17 29 0.137501
17 30 0.294814
17 31 0.210816
17 32 0.0707107
17 33 0.21082
17 34 0.354377
17 35 0.12696
17 38 0.190025
17 40 0.134382
17 42 0.253856
17 45 0.173999
17 48 0.310016
17 51 0.358032
17 56 0.365936
17 58 0.171597
17 59 0.083336
17 60 0.188614
17 61 0.179445
17 62 0.268731
17 63 0.253828
17 67 0.247795
17 68 0.301842
17 69 0.300459
17 70 0.284831
17 73 0.252022
17 75 0.298166
17 77 0.13333
17 78 0.271346
17 80 0.257879
17 81 0.266862
17 82 0.23217
17 86 0.194359
17 90 0.224222
17 91 0.060074
17 92 0.06666
17 93 0.169964
17 94 0.194394
17 95 0.350427
17 98 0.180278
17 100 0.250557
17 103 0.236852
17 110 0.16666
17 112 0.21724
17 114 0.222355
17 115 0.177146
17 116 0.300462
17 117 0.200671
17 118 0.117825
17 122 0.164161
17 125 0.21666
17 128 0.169954
17 133 0.240407
17 134 0.291103
17 135 0.367036
17 136 0.307316
17 137 0.0687491
17 139 0.246043
17 141 0.203384
17 142 0.26712
17 143 0.19139
17 144 0.260344
17 146 0.23567
17 152 0.340001
18 0 0.358677
18 1 0.24609
18 2 0.306432
18 3 0.343204
18 4 0.169903
18 5 0.117859
18 7 0.2834
18 8 0.236875
18 9 0.306384
18 10 0.253828
18 12 0.305962
18 14 0.296792
18 17 0.327459
18 21 0.0527025
18 23 0.0745237
18 26 0.367195
18 29 0.287708
18 30 0.321884
18 32 0.298166
18 34 0.158114
18 35 0.368169
18 36 0.104762
18 38 0.307369
18 39 0.344533
18 40 0.200696
18 41 0.327468
18 42 0.0849673
18 43 0.203407
18 44 0.320524
18 45 0.153674
18 46 0.360555
18 48 0.213383
18 49 0.2
18 50 0.202753
18 53 0.149047
18 54 0.252208
18 56 0.1
18 57 0.343155
18 62 0.12696
18 65 0.284831
18 68 0.117883
18 69 0.365589
18 70 0.283796
18 75 0.0707107
18 76 0.2
18 77 0.201409
18 78 0.323584
18 79 0.260851
18 82 0.268722
18 85 0.242636
18 86 0.150916
18 87 0.263513
18 88 0.320593
18 90 0.164121
18 92 0.263544
18 94 0.232122
18 95 0.286713
18 96 0.320156
18 97 0.23567
18 98 0.247813
18 99 0.320596
18 100 0.0942998
18 103 0.314491
18 105 0.313201
18 106 0.1333
18 107 0.351583
18 109 0.31559
18 110 0.171626
18 111 0.291062
18 113 0.318444
18 114 0.16672
18 118 0.286761
18 119 0.273316
18 120 0.350397
18 121 0.179445
18 122 0.167495
18 124 0.195142
18 125 0.130214
18 126 0.253865
18 128 0.19005
18 129 0.0897837
18 132 0.313107
18 133 0.126923
18 135 0.111803
18 136 0.143316
18 137 0.300464
18 139 0.223607
18 140 0.337069
18 141 0.320156
18 145 0.236852
18 150 0.166672
19 0 0.163952
19 1 0.242686
19 2 0.286769
19 8 0.333336
19 9 0.235657
19 11 0.075369
19 14 0.323649
19 15 0.252212
19 16 0.195139
19 17 0.13746
19 24 0.0686958
19 26 0.331887
19 28 0.250555
19 29 0.194368
19 31 0.307369
19 32 0.201418
19 33 0.242735
19 35 0.117832
19 38 0.310057
19 40 0.252208
19 45 0.300459
19 51 0.347249
19 58 0.126868
19 59 0.0687055
19 60 0.1
19 61 0.21082
19 63 0.354368
19 67 0.142369
19 70 0.329964
19 73 0.279002
19 77 0.268754
19 78 0.296719
19 80 0.244537
19 81 0.23467
19 82 0.283804
19 86 0.307304
19 90 0.321863
19 91 0.106745
19 92 0.20277
19 93 0.0745639
19 94 0.268731
19 98 0.313173
19 103 0.356708
19 110 0.301854
19 112 0.291548
19 114 0.359799
19 115 0.167531
19 116 0.305901
19 117 0.16753
19 118 0.246099
19 122 0.28529
19 125 0.35159
19 128 0.307325
19 133 0.348017
19 134 0.233895
19 137 0.153652
19 141 0.320156
19 142 0.33541
19 143 0.164035
19 144 0.235768
19 146 0.284831
19 148 0.350397
19 152 0.307319
20 3 0.0833
20 5 0.296713
20 7 0.301854
20 13 0.16664
20 22 0.0971882
20 23 0.367017
20 27 0.32056
20 39 0.0721052
20 41 0.167432
20 50 0.300431
20 53 0.357786
20 54 0.287678
20 55 0.284738
20 65 0.200696
20 68 0.343573
20 76 0.269258
20 87 0.33703
20 88 0.300463
20 89 0.335433
20 99 0.101378
20 105 0.169974
20 108 0.0707107
20 111 0.317038
20 113 0.0745147
20 123 0.341976
20 124 0.242649
20 126 0.164145
20 127 0.0471216
20 129 0.306361
20 135 0.291548
20 138 0.141421
20 140 0.20276
20 150 0.224222
21 0 0.357413
21 1 0.210829
21 2 0.260363
21 3 0.33748
21 4 0.222296
21 5 0.137426
21 7 0.233994
21 8 0.260344
21 9 0.314434
21 10 0.295304
21 12 0.346808
21 14 0.247819
21 17 0.301854
21 18 0.0527025
21 23 0.117825
21 26 0.3178
21 29 0.284803
21 30 0.269258
21 31 0.330035
21 32 0.263544
21 34 0.20276
21 35 0.359776
21 36 0.15665
21 38 0.259324
21 39 0.321386
21 40 0.18634
21 41 0.334999
21 42 0.0942361
21 43 0.247721
21 44 0.368113
21 45 0.134369
21 48 0.246023
21 49 0.250554
21 50 0.232122
21 53 0.189988
21 54 0.279368
21 56 0.150922
21 59 0.367046
21 62 0.0745684
21 63 0.33336
21 65 0.246107
21 68 0.0667
21 69 0.313201
21 70 0.307293
21 75 0.105411
21 76 0.222355
21 77 0.169984
21 78 0.341949
21 79 0.300426
21 82 0.283804
21 85 0.287678
21 86 0.149047
21 87 0.298122
21 88 0.348007
21 90 0.17713
21 91 0.356299
21 92 0.235718
21 94 0.240352
21 95 0.32056
21 96 0.365524
21 97 0.287678
21 98 0.200738
21 99 0.316228
21 100 0.0527152
21 103 0.263551
21 105 0.277445
21 106 0.184056
21 109 0.359236
21 110 0.13746
21 111 0.321863
21 113 0.300481
21 114 0.117903
21 118 0.246099
21 119 0.318368
21 121 0.232076
21 122 0.153652
21 124 0.157288
21 125 0.0897837
21 126 0.254951
21 128 0.149092
21 129 0.101368
21 132 0.35313
21 133 0.141421
21 135 0.083328
21 136 0.179445
21 137 0.28529
21 139 0.171597
21 140 0.35
21 141 0.271318
21 145 0.286713
21 150 0.158114
22 3 0.0897466
22 5 0.323592
22 12 0.368933
22 13 0.0849497
22 20 0.0971882
22 27 0.242636
22 39 0.165496
22 41 0.134315
22 50 0.296719
22 53 0.36548
22 54 0.268716
22 55 0.21724
22 65 0.291085
22 71 0.366641
22 76 0.271318
22 79 0.350336
22 84 0.356291
22 87 0.313111
22 88 0.258737
22 89 0.247874
22 99 0.111803
22 105 0.263544
22 108 0.03334
22 111 0.284738
22 113 0.150927
22 123 0.25
22 124 0.317105
22 126 0.180278
22 127 0.0527152
22 129 0.343155
22 135 0.348017
22 138 0.0527025
22 140 0.158114
22 149 0.327383
22 150 0.269258
23 1 0.320587
23 3 0.307316
23 4 0.137404
23 5 0.0707107
23 6 0.305962
23 7 0.323641
23 8 0.275897
23 9 0.359776
23 10 0.260344
23 12 0.231558
23 13 0.365525
23 14 0.365553
23 18 0.0745237
23 20 0.367017
23 21 0.117825
23 29 0.350398
23 34 0.165018
23 36 0.0581824
23 39 0.333156
23 40 0.271317
23 41 0.275897
23 42 0.150927
23 43 0.130149
23 44 0.306383
23 45 0.226704
23 46 0.286761
23 48 0.240352
23 49 0.179538
23 50 0.13333
23 53 0.0745237
23 54 0.18333
23 55 0.333748
23 56 0.0943068
23 57 0.268722
23 62 0.190031
23 65 0.301846
23 68 0.171592
23 70 0.320587
23 75 0.117859
23 76 0.137426
23 77 0.275897
23 78 0.365525
23 79 0.186327
23 82 0.316228
23 85 0.240368
23 86 0.217313
23 87 0.190026
23 88 0.250557
23 90 0.219214
23 92 0.337489
23 94 0.287708
23 95 0.307316
23 96 0.247788
23 97 0.202758
23 98 0.318436
23 99 0.283804
23 100 0.166664
23 102 0.33336
23 105 0.323641
23 106 0.120187
23 107 0.332113
23 108 0.367021
23 109 0.313649
23 110 0.246099
23 111 0.219214
23 113 0.300464
23 114 0.235728
23 118 0.360555
23 119 0.200671
23 120 0.320623
23 121 0.1333
23 122 0.238627
23 124 0.2167
23 125 0.203464
23 126 0.213419
23 127 0.365531
23 128 0.263526
23 129 0.0687516
23 132 0.320156
23 133 0.184089
23 135 0.134338
23 136 0.171578
23 139 0.286719
23 140 0.279377
23 145 0.171592
23 150 0.149043
23 151 0.350427
24 0 0.201653
24 1 0.31135
24 2 0.351566
24 9 0.277386
24 11 0.0533065
24 15 0.235768
24 16 0.2
24 17 0.206155
24 19 0.0686958
24 28 0.27932
24 29 0.247787
24 31 0.365524
24 32 0.269258
24 33 0.283332
24 35 0.164161
24 40 0.3171
24 45 0.36666
24 51 0.361952
24 58 0.153654
24 59 0.13333
24 60 0.106767
24 61 0.254347
24 67 0.117883
24 73 0.314828
24 77 0.337059
24 78 0.330846
24 80 0.265812
24 81 0.247401
24 82 0.328732
24 91 0.171578
24 92 0.271307
24 93 0.0897206
24 94 0.321899
24 112 0.343536
24 115 0.201352
24 116 0.33082
24 117 0.189997
24 118 0.313121
24 122 0.350398
24 134 0.23217
24 137 0.217303
24 143 0.190211
24 144 0.252212
24 146 0.328686
24 148 0.343656
24 152 0.313197
25 4 0.320156
25 6 0.189997
25 12 0.217241
25 36 0.359554
25 37 0.277386
25 43 0.275884
25 44 0.337069
25 46 0.167431
25 49 0.32869
25 50 0.343561
25 52 0.0849673
25 53 0.33541
25 54 0.334963
25 55 0.36893
25 57 0.200693
25 64 0.0707107
25 66 0.190025
25 72 0.23565
25 74 0.0589176
25 79 0.254951
25 83 0.300426
25 84 0.273297
25 87 0.285255
25 88 0.31835
25 96 0.169903
25 97 0.283318
25 101 0.223607
25 102 0.0686546
25 104 0.24495
25 106 0.367029
25 107 0.317105
25 111 0.3
25 119 0.21082
25 120 0.267186
25 121 0.294866
25 130 0.111803
25 131 0.037235
25 145 0.226668
25 147 0.134332
25 149 0.310016
25 151 0.0687055
26 1 0.175307
26 2 0.0754478
26 7 0.222932
26 11 0.357759
26 14 0.0705533
26 16 0.299656
26 17 0.228665
26 18 0.367195
26 19 0.331887
26 21 0.3178
26 28 0.210716
26 29 0.347222
26 30 0.106419
26 31 0.0285258
26 32 0.164465
26 33 0.160785
26 35 0.355611
26 38 0.0627752
26 40 0.27614
26 42 0.338549
26 45 0.268547
26 59 0.304305
26 61 0.165937
26 62 0.246058
26 63 0.0255416
26 65 0.323752
26 68 0.270511
26 69 0.0837719
26 73 0.173967
26 77 0.212197
26 86 0.316966
26 90 0.365811
26 91 0.226714
26 92 0.210271
26 93 0.313985
26 98 0.12215
26 100 0.274017
26 103 0.0615091
26 105 0.356211
26 110 0.220834
26 112 0.0776536
26 114 0.200486
26 115 0.223586
26 117 0.25522
26 118 0.125645
26 122 0.280862
26 124 0.309108
26 125 0.24196
26 128 0.189712
26 133 0.357987
26 135 0.33351
26 137 0.285831
26 139 0.153356
26 141 0.0476873
26 142 0.0966441
26 143 0.246553
26 144 0.260699
26 146 0.129625
27 3 0.25
27 5 0.337059
27 6 0.190025
27 12 0.217322
27 13 0.158114
27 20 0.32056
27 22 0.242636
27 37 0.195048
27 39 0.366045
27 41 0.177189
27 43 0.295321
27 46 0.224252
27 47 0.240352
27 50 0.25
27 52 0.327479
27 53 0.318406
27 54 0.2
27 55 0.0527152
27 57 0.200671
27 64 0.30638
27 66 0.189997
27 71 0.151111
27 72 0.1667
27 74 0.342579
27 76 0.252208
27 79 0.232122
27 83 0.186372
27 84 0.1167
27 87 0.206155
27 88 0.134372
27 89 0.055181
27 96 0.260363
27 99 0.247739
27 101 0.23567
27 102 0.323634
27 104 0.174427
27 108 0.253828
27 111 0.169954
27 113 0.33082
27 119 0.268722
27 123 0.0897466
27 126 0.254382
27 127 0.27588
27 130 0.291037
27 131 0.343622
27 138 0.189997
27 140 0.143347
27 145 0.33541
27 147 0.271346
27 149 0.0849516
27 150 0.343573
28 1 0.283804
28 2 0.232131
28 11 0.228699
28 14 0.258719
28 16 0.106674
28 17 0.246023
28 19 0.250555
28 24 0.27932
28 26 0.210716
28 30 0.31667
28 31 0.18408
28 32 0.235657
28 33 0.0526836
28 35 0.339903
28 38 0.242649
28 40 0.367017
28 58 0.368112
28 59 0.271248
28 60 0.350397
28 61 0.0707107
28 63 0.217313
28 69 0.285292
28 73 0.0458169
28 77 0.33078
28 91 0.195048
28 92 0.28377
28 93 0.189997
28 98 0.291047
28 103 0.268741
28 110 0.356639
28 112 0.13333
28 115 0.0833
28 117 0.0897206
28 118 0.240352
28 128 0.337453
28 137 0.313107
28 139 0.348007
28 141 0.238627
28 142 0.142397
28 143 0.0892048
28 144 0.0526836
28 146 0.0849869
29 0 0.0727213
29 1 0.179538
29 2 0.274907
29 4 0.337454
29 8 0.141421
29 9 0.0666
29 10 0.259247
29 11 0.269709
29 14 0.300525
29 15 0.25
29 16 0.367095
29 17 0.137501
29 18 0.287708
29 19 0.194368
29 21 0.284803
29 23 0.350398
29 24 0.247787
29 26 0.347222
29 31 0.335062
29 32 0.184156
29 33 0.348074
29 34 0.253856
29 35 0.0849869
29 36 0.339316
29 38 0.295397
29 40 0.106737
29 42 0.20277
29 44 0.354286
29 45 0.157266
29 48 0.189988
29 49 0.320587
29 51 0.22859
29 56 0.287708
29 58 0.117845
29 59 0.130214
29 60 0.16667
29 61 0.316228
29 62 0.286761
29 67 0.219214
29 68 0.314487
29 70 0.149043
29 75 0.23333
29 77 0.16672
29 78 0.134338
29 80 0.13878
29 81 0.160078
29 82 0.0971539
29 85 0.283804
29 86 0.13745
29 90 0.134359
29 91 0.186367
29 92 0.137501
29 93 0.260363
29 94 0.0745237
29 95 0.21728
29 97 0.365894
29 98 0.260936
29 100 0.246099
29 103 0.337507
29 106 0.295321
29 109 0.310438
29 110 0.188607
29 112 0.350397
29 114 0.259317
29 115 0.305988
29 116 0.167432
29 117 0.323634
29 118 0.222394
29 121 0.368911
29 122 0.13439
29 125 0.226728
29 128 0.213461
29 132 0.277361
29 133 0.16667
29 134 0.200671
29 135 0.365525
29 136 0.210797
29 137 0.0687516
29 139 0.310016
29 141 0.311358
29 143 0.315732
29 148 0.291548
29 152 0.223607
30 1 0.208803
30 2 0.130149
30 5 0.367017
30 7 0.117835
30 14 0.0942361
30 17 0.294814
30 18 0.321884
30 21 0.269258
30 26 0.106419
30 28 0.31667
30 31 0.134369
30 32 0.224178
30 33 0.267186
30 38 0.106682
30 39 0.347547
30 40 0.295304
30 42 0.31835
30 45 0.268677
30 61 0.271317
30 62 0.195045
30 63 0.101385
30 65 0.219204
30 68 0.208803
30 69 0.0471923
30 73 0.278197
30 75 0.356291
30 77 0.226628
30 86 0.318351
30 90 0.368113
30 91 0.309998
30 92 0.254352
30 98 0.126868
30 100 0.238598
30 103 0.060074
30 105 0.250551
30 110 0.219151
30 112 0.18334
30 113 0.359776
30 114 0.167431
30 115 0.327443
30 117 0.359776
30 118 0.177146
30 122 0.287678
30 124 0.217268
30 125 0.21724
30 128 0.186307
30 129 0.33328
30 133 0.35
30 135 0.260337
30 137 0.33745
30 139 0.101378
30 141 0.0971882
30 142 0.190036
30 143 0.350732
30 144 0.367046
30 146 0.233937
30 150 0.320156
31 1 0.170001
31 2 0.0745684
31 7 0.25
31 11 0.330691
31 14 0.083336
31 16 0.271307
31 17 0.210816
31 19 0.307369
31 21 0.330035
31 24 0.365524
31 26 0.0285258
31 28 0.18408
31 29 0.335062
31 30 0.134369
31 32 0.150922
31 33 0.13333
31 35 0.337503
31 38 0.0707107
31 40 0.271346
31 42 0.343189
31 45 0.269258
31 59 0.283332
31 61 0.13745
31 62 0.260363
31 63 0.0471216
31 65 0.350398
31 68 0.286769
31 69 0.111803
31 73 0.14931
31 77 0.21082
31 86 0.316228
31 90 0.364005
31 91 0.203466
31 92 0.2
31 93 0.286761
31 94 0.368213
31 98 0.130175
31 100 0.283853
31 103 0.0849967
31 110 0.223607
31 112 0.0526836
31 114 0.212132
31 115 0.195087
31 117 0.226695
31 118 0.117885
31 122 0.279418
31 124 0.332084
31 125 0.25
31 128 0.194394
31 133 0.359075
31 135 0.351618
31 137 0.271346
31 139 0.171626
31 141 0.0601295
31 142 0.08328
31 143 0.218033
31 144 0.23333
31 146 0.105399
32 0 0.228711
32 1 0.0527152
32 2 0.0971539
32 7 0.305954
32 8 0.295397
32 9 0.250555
32 11 0.253509
32 14 0.130169
32 16 0.269258
32 17 0.0707107
32 18 0.298166
32 19 0.201418
32 21 0.263544
32 24 0.269258
32 26 0.164465
32 28 0.235657
32 29 0.184156
32 30 0.224178
32 31 0.150922
32 33 0.190031
32 34 0.356731
32 35 0.194394
32 38 0.120181
32 40 0.134397
32 42 0.236875
32 45 0.153654
32 48 0.328294
32 56 0.354377
32 58 0.240374
32 59 0.153662
32 60 0.259324
32 61 0.164947
32 62 0.217303
32 63 0.189997
32 67 0.318444
32 68 0.250557
32 69 0.231537
32 70 0.320623
32 73 0.228576
32 75 0.283861
32 77 0.0971797
32 78 0.3167
32 80 0.316671
32 81 0.329731
32 82 0.268775
32 86 0.190025
32 90 0.231537
32 91 0.101385
32 92 0.0527025
32 93 0.217313
32 94 0.222394
32 98 0.111803
32 100 0.210829
32 103 0.16664
32 110 0.126923
32 112 0.169903
32 114 0.16666
32 115 0.186327
32 116 0.351584
32 117 0.216654
32 118 0.0471145
32 122 0.153684
32 124 0.337059
32 125 0.173999
32 128 0.117849
32 129 0.364005
32 133 0.236929
32 134 0.35788
32 135 0.318417
32 136 0.310016
32 137 0.121369
32 139 0.179475
32 141 0.13431
32 142 0.219151
32 143 0.20635
32 144 0.263526
32 146 0.201357
33 0 0.364653
33 1 0.235728
33 2 0.179521
33 11 0.237165
33 14 0.206155
33 16 0.142397
33 17 0.21082
33 19 0.242735
33 24 0.283332
33 26 0.160785
33 28 0.0526836
33 29 0.348074
33 30 0.267186
33 31 0.13333
33 32 0.190031
33 35 0.317138
33 38 0.190026
33 40 0.323634
33 45 0.341969
33 58 0.350397
33 59 0.25
33 60 0.340001
33 61 0.0334
33 63 0.169964
33 69 0.238627
33 73 0.0412712
33 77 0.282843
33 91 0.167531
33 92 0.240368
33 93 0.194394
33 98 0.238633
33 103 0.217313
33 110 0.307316
33 112 0.0849673
33 114 0.320587
33 115 0.08336
33 117 0.106737
33 118 0.19005
33 122 0.34362
33 125 0.346808
33 128 0.286761
33 137 0.279415
33 139 0.29535
33 141 0.186348
33 142 0.106674
33 143 0.101032
33 144 0.1
33 146 0.0471145
34 0 0.307844
34 1 0.314491
34 4 0.0849771
34 5 0.235728
34 8 0.13333
34 9 0.235708
34 10 0.0971539
34 12 0.31667
34 17 0.354377
34 18 0.158114
34 21 0.20276
34 23 0.165018
34 29 0.253856
34 32 0.356731
34 35 0.33748
34 36 0.119738
34 40 0.224252
34 42 0.137501
34 43 0.219229
34 44 0.1666
34 45 0.208891
34 46 0.353553
34 48 0.0849673
34 49 0.0707107
34 50 0.275897
34 51 0.303127
34 53 0.201418
34 54 0.321899
34 56 0.0707107
34 57 0.350393
34 58 0.359799
34 62 0.2667
34 68 0.268776
34 70 0.169954
34 75 0.1
34 76 0.291548
34 77 0.268798
34 78 0.219204
34 79 0.285302
34 80 0.299397
34 81 0.334266
34 82 0.184089
34 85 0.0849497
34 86 0.16672
34 87 0.307325
34 90 0.130214
34 92 0.307369
34 94 0.179512
34 95 0.143347
34 96 0.304138
34 97 0.117832
34 98 0.353221
34 100 0.217339
34 102 0.3504
34 106 0.0527152
34 107 0.200694
34 109 0.157478
34 110 0.25392
34 111 0.343615
34 114 0.287777
34 116 0.258719
34 118 0.365935
34 119 0.267186
34 120 0.21082
34 121 0.117845
34 122 0.203466
34 124 0.353224
34 125 0.238696
34 128 0.284831
34 129 0.226749
34 132 0.157203
34 133 0.120181
34 135 0.269258
34 136 0.0471853
34 137 0.300481
34 139 0.353553
34 145 0.202753
34 150 0.310022
34 151 0.333336
34 152 0.348007
35 0 0.049399
35 1 0.212132
35 2 0.291548
35 8 0.217322
35 9 0.117825
35 10 0.333328
35 11 0.191446
35 14 0.323634
35 15 0.203472
35 16 0.305988
35 17 0.12696
35 18 0.368169
35 19 0.117832
35 21 0.359776
35 24 0.164161
35 26 0.355611
35 28 0.339903
35 29 0.0849869
35 31 0.337503
35 32 0.194394
35 33 0.317138
35 34 0.33748
35 38 0.314491
35 40 0.173999
35 42 0.283822
35 45 0.226695
35 48 0.268722
35 51 0.24454
35 58 0.0471216
35 59 0.0687516
35 60 0.0849967
35 61 0.28379
35 62 0.350391
35 67 0.142406
35 70 0.212132
35 73 0.357637
35 75 0.3171
35 77 0.217322
35 78 0.180278
35 80 0.140373
35 81 0.142677
35 82 0.166664
35 85 0.360555
35 86 0.217303
35 90 0.219204
35 91 0.15
35 92 0.16501
35 93 0.190031
35 94 0.158114
35 95 0.282843
35 98 0.294888
35 100 0.316228
35 103 0.360555
35 110 0.24609
35 112 0.339901
35 114 0.314478
35 115 0.258737
35 116 0.195045
35 117 0.269258
35 118 0.240368
35 122 0.206155
35 125 0.291078
35 128 0.263518
35 132 0.341969
35 133 0.250557
35 134 0.164149
35 136 0.295321
35 137 0.083328
35 139 0.354311
35 141 0.328686
35 143 0.263074
35 144 0.337507
35 146 0.350396
35 148 0.274907
35 152 0.21734
36 1 0.340259
36 3 0.355806
36 4 0.0792391
36 5 0.123936
36 6 0.29487
36 8 0.244429
36 9 0.337998
36 10 0.210081
36 12 0.221338
36 18 0.104762
36 21 0.15665
36 23 0.0581824
36 25 0.359554
36 29 0.339316
36 34 0.119738
36 40 0.275151
36 41 0.31506
36 42 0.15538
36 43 0.116137
36 44 0.249168
36 45 0.238094
36 46 0.269821
36 48 0.202034
36 49 0.122373
36 50 0.156978
36 53 0.0830833
36 54 0.204402
36 55 0.354072
36 56 0.0545445
36 57 0.258013
36 62 0.231218
36 64 0.359987
36 65 0.359703
36 66 0.368791
36 68 0.218321
36 70 0.28593
36 75 0.111073
36 76 0.171835
36 77 0.29362
36 78 0.333593
36 79 0.181678
36 82 0.290199
36 85 0.187089
36 86 0.216446
36 87 0.196494
36 88 0.266074
36 90 0.20496
36 92 0.349646
36 94 0.270363
36 95 0.262789
36 96 0.225089
36 97 0.144728
36 98 0.351099
36 99 0.332222
36 100 0.19754
36 102 0.299149
36 106 0.0689202
36 107 0.274154
36 109 0.259288
36 110 0.267448
36 111 0.230909
36 113 0.355477
36 114 0.271121
36 119 0.180147
36 120 0.262612
36 121 0.0777037
36 122 0.244761
36 124 0.273711
36 125 0.231661
36 126 0.261533
36 128 0.290148
36 129 0.126928
36 131 0.369858
36 132 0.268915
36 133 0.174915
36 135 0.190034
36 136 0.139509
36 137 0.369367
36 139 0.328175
36 140 0.312799
36 145 0.134142
36 150 0.206047
36 151 0.306896
37 6 0.18633
37 12 0.258719
37 13 0.35313
37 25 0.277386
37 27 0.195048
37 41 0.360555
37 43 0.364005
37 46 0.217305
37 47 0.142397
37 50 0.365894
37 52 0.200738
37 54 0.323592
37 55 0.231542
37 57 0.222364
37 64 0.20883
37 66 0.11667
37 71 0.125368
37 72 0.0687055
37 74 0.225175
37 79 0.300459
37 83 0.0235255
37 84 0.0942361
37 87 0.29813
37 88 0.260299
37 89 0.199883
37 96 0.267186
37 101 0.0600907
37 102 0.263544
37 104 0.0487851
37 111 0.277386
37 119 0.304138
37 123 0.217241
37 130 0.166664
37 131 0.240407
37 140 0.323551
37 145 0.368179
37 147 0.143414
37 149 0.111803
37 151 0.328322
38 0 0.347051
38 1 0.117883
38 2 0.0235891
38 7 0.206155
38 9 0.359783
38 11 0.348238
38 14 0.01667
38 16 0.31666
38 17 0.190025
38 18 0.307369
38 19 0.310057
38 21 0.259324
38 26 0.0627752
38 28 0.242649
38 29 0.295397
38 30 0.106682
38 31 0.0707107
38 32 0.120181
38 33 0.190026
38 35 0.314491
38 40 0.2167
38 42 0.275884
38 45 0.206155
38 58 0.360555
38 59 0.271311
38 61 0.18408
38 62 0.19005
38 63 0.0849497
38 65 0.301842
38 68 0.21733
38 69 0.111803
38 73 0.213709
38 75 0.320649
38 77 0.150923
38 82 0.368212
38 86 0.254951
38 90 0.304138
38 91 0.203456
38 92 0.158114
38 93 0.306423
38 94 0.317138
38 98 0.0600962
38 100 0.213468
38 103 0.0471216
38 105 0.337069
38 110 0.158114
38 112 0.120148
38 114 0.141421
38 115 0.233927
38 117 0.267182
38 118 0.0745639
38 122 0.21925
38 124 0.271317
38 125 0.180278
38 128 0.12696
38 129 0.346816
38 133 0.2954
38 135 0.283365
38 136 0.368933
38 137 0.238661
38 139 0.10543
38 141 0.0166
38 142 0.153608
38 143 0.2574
38 144 0.287708
38 146 0.171578
38 150 0.359042
39 3 0.116064
39 5 0.265887
39 7 0.229748
39 13 0.222335
39 18 0.344533
39 20 0.0721052
39 21 0.321386
39 22 0.165496
39 23 0.333156
39 27 0.366045
39 30 0.347547
39 41 0.195672
39 50 0.292675
39 53 0.338216
39 54 0.292104
39 55 0.32384
39 62 0.312152
39 65 0.128635
39 68 0.282826
39 76 0.259552
39 87 0.341987
39 88 0.320416
39 99 0.121198
39 100 0.351597
39 105 0.098337
39 108 0.134778
39 111 0.329227
39 113 0.0416016
39 114 0.351187
39 124 0.178052
39 126 0.158079
39 127 0.11283
39 129 0.267339
39 135 0.238263
39 138 0.202808
39 139 0.333423
39 140 0.233
39 150 0.184361
40 0 0.178062
40 1 0.101378
40 2 0.200693
40 4 0.296726
40 5 0.31667
40 7 0.33336
40 8 0.167531
40 9 0.157203
40 10 0.269258
40 11 0.323494
40 14 0.21734
40 15 0.3567
40 17 0.134382
40 18 0.200696
40 19 0.252208
40 21 0.18634
40 23 0.271317
40 24 0.3171
40 26 0.27614
40 28 0.367017
40 29 0.106737
40 30 0.295304
40 31 0.271346
40 32 0.134397
40 33 0.323634
40 34 0.224252
40 35 0.173999
40 36 0.275151
40 38 0.2167
40 42 0.121329
40 44 0.365498
40 45 0.0527152
40 48 0.195048
40 49 0.294888
40 51 0.317442
40 53 0.343591
40 56 0.231558
40 58 0.216654
40 59 0.184089
40 60 0.258745
40 61 0.296713
40 62 0.180278
40 63 0.300462
40 67 0.316228
40 68 0.208839
40 69 0.320623
