114 -1
0 1133 18.794
1 1941 23.6106
2 2000 20.1298
3 2003 15.3535
4 2050 12.7689
5 2681 19.1468
6 3598 25.2281
7 3849 13.0433
8 4421 20.2432
9 4440 13.3392
10 4459 19.298
11 5022 13.7693
12 6038 22.3019
13 6622 22.9472
14 7233 23.876
15 9370 14.7113
16 9492 15.3636
17 10341 22.5957
18 11101 22.6085
19 11152 13.482
20 11336 18.1069
21 11719 13.3144
22 12679 16.9489
23 12984 19.0839
24 13001 12.8422
25 13206 15.9433
26 13339 17.2367
27 13468 22.2385
28 14124 13.0937
29 14505 13.5549
30 16124 14.9344
31 16756 19.248
32 16826 24.5258
33 17162 22.4246
34 18028 21.9619
35 18073 24.6551
36 19044 16.2921
37 20280 21.9107
38 20554 25.0587
39 21435 23.8956
40 21474 22.6102
41 21914 19.0773
42 22718 25.0253
43 22729 19.6328
44 22745 16.7452
45 23015 23.6219
46 23100 21.7044
47 23901 19.4691
48 24999 20.9383
49 25485 19.0336
50 26044 20.3115
51 27144 13.7659
52 27304 19.7083
53 27682 24.6208
54 28049 20.2101
55 28080 19.9109
56 28153 15.2847
57 28208 24.8071
58 29483 16.87
59 29963 15.7388
60 30171 13.0826
61 30438 19.1648
62 30899 22.3471
63 31166 24.9688
64 31363 16.3101
65 31759 19.0297
66 31856 24.3445
67 32004 19.9625
68 32933 15.661
69 33557 24.1238
70 33595 18.5788
71 33654 12.9919
72 33677 17.9219
73 33711 18.3248
74 33838 19.985
75 34018 22.0274
76 34243 16.6674
77 34488 16.4101
78 35607 16.2172
79 35712 24.9661
80 35901 22.804
81 35905 23.8891
82 35908 13.4526
83 35910 17.233
84 35911 23.2305
85 35913 21.023
86 35914 24.5042
87 35915 13.2359
88 35916 20.5508
89 35920 16.095
90 35923 16.335
91 35932 20.9937
92 35941 22.6201
93 35943 13.4028
94 35945 20.6832
95 35950 13.6509
96 35953 19.7929
97 35955 19.7483
98 35966 20.9737
99 35971 22.8143
100 35972 18.5928
101 35974 14.2732
102 35975 23.1666
103 35977 23.875
104 35998 19.9583
105 36012 17.8723
106 36013 20.6231
107 36017 23.9861
108 36018 21.6427
109 36019 24.2007
110 36023 23.6728
111 36028 19.1674
112 36174 22.8104
113 36180 24.4858
0 5 1.43576
0 6 1.74428
0 11 3.69399
0 13 2.90429
0 14 3.06954
0 15 3.78451
0 17 2.2903
0 28 3.58394
0 33 2.37724
0 36 0.960469
0 38 3.14136
0 41 2.97108
0 42 0.857968
0 43 0.845255
0 44 0.812712
0 45 0.876896
0 46 1.51005
0 47 1.27029
0 48 1.82003
0 58 3.59575
0 61 1.3644
0 62 2.23912
0 63 3.16938
0 64 1.18383
0 65 1.42127
0 66 1.55724
0 68 0.9846
0 79 1.47472
0 80 1.40289
0 81 1.46154
0 82 1.44959
0 83 1.45193
0 84 1.47544
0 85 1.37931
0 86 1.44964
0 87 1.37
0 88 1.39242
0 89 1.40386
0 90 1.36727
0 91 1.44087
0 92 1.18441
0 93 1.29976
0 94 1.18227
0 95 1.30229
0 96 1.23029
0 97 1.29655
0 98 1.29722
0 99 1.25277
0 100 1.32689
0 101 1.23886
0 102 1.23886
0 103 1.28062
0 104 1.31
0 105 1.39383
0 106 1.38496
0 107 1.28665
0 108 1.3703
0 109 1.35093
0 110 1.34342
0 111 1.46535
0 112 1.37032
0 113 1.23794
1 2 0.216692
1 3 0.153684
1 4 0.334989
1 8 1.48933
1 9 1.5841
1 10 2.28334
1 15 3.69057
1 16 2.38144
1 20 2.57207
1 25 3.68032
1 26 3.03407
1 29 1.92094
1 30 3.07482
1 55 2.86376
1 56 2.94688
1 57 2.92309
1 59 2.13938
1 60 2.37226
1 70 0.970824
1 71 0.294615
1 72 1.1267
1 73 1.17853
1 74 2.11902
2 1 0.216692
2 3 0.105399
2 4 0.177189
2 8 1.68408
2 9 1.76372
2 10 2.48474
2 16 2.5954
2 20 2.77794
2 26 3.23338
2 29 2.11356
2 30 3.28676
2 55 3.06558
2 56 3.14804
2 57 3.12331
2 59 2.30958
2 60 2.52331
2 70 1.1035
2 71 0.408835
2 72 1.27201
2 73 1.32465
2 74 2.32905
3 1 0.153684
3 2 0.105399
3 4 0.277386
3 8 1.58343
3 9 1.65972
3 10 2.3862
3 16 2.5286
3 20 2.68168
3 25 3.77198
3 26 3.13374
3 29 2.07454
3 30 3.22394
3 55 3.01697
3 56 3.10017
3 57 3.07651
3 59 2.28926
3 60 2.51645
3 70 0.998874
3 71 0.303633
3 72 1.16678
3 73 1.21941
3 74 2.23607
4 1 0.334989
4 2 0.177189
4 3 0.277386
4 8 1.8243
4 9 1.91652
4 10 2.61688
4 15 3.7527
4 16 2.65396
4 20 2.90306
4 26 3.36815
4 29 2.12186
4 30 3.33569
4 55 3.08782
4 56 3.16867
4 57 3.14203
4 59 2.28434
4 60 2.47476
4 70 1.27463
4 71 0.578699
4 72 1.44009
4 73 1.49258
4 74 2.44614
5 0 1.43576
5 6 1.5976
5 13 3.54508
5 14 2.4683
5 15 2.84031
5 17 3.64467
5 33 3.36989
5 36 0.856699
5 38 1.83685
5 41 1.58231
5 42 1.8093
5 43 1.8223
5 44 1.86373
5 45 1.8322
5 46 2.67757
5 47 2.65436
5 48 3.1167
5 52 3.256
5 53 3.13948
5 54 3.30363
5 61 2.53959
5 62 3.6486
5 64 2.29362
5 65 2.66173
5 66 2.75829
5 68 2.42034
5 78 3.02884
5 79 2.53424
5 80 2.6044
5 81 2.63382
5 82 2.62774
5 83 2.66721
5 84 2.62183
5 85 2.58308
5 86 2.63737
5 87 2.57724
5 88 2.60902
5 89 2.61331
5 90 2.56738
5 91 2.66173
5 92 2.33699
5 93 2.45431
5 94 2.3467
5 95 2.50126
5 96 2.33727
5 97 2.48334
5 98 2.47349
5 99 2.41116
5 100 2.54305
5 101 2.41503
5 102 2.41503
5 103 2.41416
5 104 2.41829
5 105 2.54106
5 106 2.51675
5 107 2.39635
5 108 2.51932
5 109 2.47955
5 110 2.45552
5 111 2.74961
5 112 2.59836
5 113 2.45608
6 0 1.74428
6 5 1.5976
6 13 2.07701
6 14 1.35573
6 15 2.21472
6 16 3.46434
6 17 3.01962
6 28 3.52141
6 29 3.53346
6 30 2.88414
6 33 2.21672
6 36 0.951315
6 38 2.1511
6 41 2.24381
6 42 2.5691
6 43 2.56259
6 44 2.54517
6 45 2.59066
6 46 3.24182
6 47 2.29878
6 48 3.47635
6 49 2.7081
6 52 3.6776
6 53 3.29048
6 54 3.29621
6 55 2.73626
6 56 2.65176
6 57 2.65662
6 59 3.30052
6 60 3.14555
6 61 1.82683
6 62 3.20693
6 64 1.5939
6 65 2.00811
6 66 2.01308
6 68 2.39589
6 77 3.7457
6 78 2.86207
6 79 1.66699
6 80 1.90801
6 81 1.88421
6 82 1.88871
6 83 1.97159
6 84 1.83923
6 85 1.89737
6 86 1.90932
6 87 1.89883
6 88 1.93427
6 89 1.92607
6 90 1.88156
6 91 1.9766
6 92 1.67439
6 93 1.74461
6 94 1.69615
6 95 1.83758
6 96 1.61331
6 97 1.8084
6 98 1.78706
6 99 1.72441
6 100 1.89027
6 101 1.75181
6 102 1.75181
6 103 1.69189
6 104 1.6604
6 105 1.78799
6 106 1.75134
6 107 1.64967
6 108 1.77679
6 109 1.72409
6 110 1.68736
6 111 2.14584
6 112 1.94515
6 113 1.83848
7 8 2.45837
7 9 2.37909
7 10 1.70336
7 16 2.58312
7 20 1.49833
7 21 1.62114
7 25 0.300481
7 26 0.976684
7 29 3.36365
7 30 2.65
7 49 2.60134
7 50 3.36869
7 51 0.513431
7 55 3.13001
7 56 3.16614
7 57 3.19701
7 59 3.77955
7 69 1.84853
7 70 3.11738
7 71 3.74451
7 72 2.93409
7 73 2.88453
7 74 1.97183
7 77 3.18964
8 1 1.48933
8 2 1.68408
8 3 1.58343
8 4 1.8243
8 7 2.45837
8 9 0.243355
8 10 0.811046
8 15 3.76482
8 16 1.49815
8 20 1.1241
8 25 2.19101
8 26 1.55143
8 29 1.65779
8 30 2.16282
8 49 3.25346
8 51 2.68794
8 55 2.21923
8 56 2.30297
8 57 2.30013
8 59 2.09397
8 60 2.46338
8 70 0.800318
8 71 1.30657
8 72 0.650811
8 73 0.624699
8 74 0.74425
9 1 1.5841
9 2 1.76372
9 3 1.65972
9 4 1.91652
9 7 2.37909
9 8 0.243355
9 10 0.830083
9 16 1.70453
9 20 1.1582
9 25 2.12706
9 26 1.52355
9 29 1.90071
9 30 2.34913
9 49 3.3825
9 51 2.56741
9 55 2.437
9 56 2.51965
9 57 2.51873
9 59 2.33732
9 60 2.70651
9 70 0.761849
9 71 1.36662
9 72 0.585305
9 73 0.543764
9 74 0.860283
10 1 2.28334
10 2 2.48474
10 3 2.3862
10 4 2.61688
10 7 1.70336
10 8 0.811046
10 9 0.830083
10 14 3.67007
10 16 1.29437
10 20 0.328681
10 21 3.2007
10 25 1.41912
10 26 0.75296
10 29 1.8503
10 30 1.78194
10 49 2.62345
10 51 2.00738
10 55 2.03204
10 56 2.10252
10 57 2.11483
10 59 2.30217
10 60 2.68103
10 69 3.30193
10 70 1.58202
10 71 2.11563
10 72 1.41156
10 73 1.37246
10 74 0.33745
11 0 3.69399
11 12 3.12088
11 13 3.46013
11 17 1.50922
11 27 1.72852
11 28 2.07552
11 31 2.3038
11 32 2.65189
11 33 2.58201
11 34 2.18276
11 35 1.72821
11 37 1.19181
11 39 3.33986
11 40 2.83903
11 44 3.71162
11 46 3.29619
11 47 2.44614
11 48 2.80859
11 58 1.30488
11 61 2.71378
11 62 1.45497
11 63 0.577849
11 64 2.96522
11 65 2.54405
11 66 2.51274
11 67 2.86897
11 68 2.74521
11 75 2.73987
11 76 2.6883
11 77 3.69742
11 79 2.85351
11 80 2.63381
11 81 2.64459
11 82 2.64223
11 83 2.56759
11 84 2.68519
11 85 2.64853
11 86 2.62345
11 87 2.64957
11 88 2.61363
11 89 2.61789
11 90 2.6651
11 91 2.56569
11 92 2.89415
11 93 2.80128
11 94 2.87615
11 95 2.71984
11 96 2.93565
11 97 2.7463
11 98 2.76455
11 99 2.83088
11 100 2.66855
11 101 2.81114
11 102 2.81114
11 103 2.85287
11 104 2.87566
11 105 2.74358
11 106 2.77894
11 107 2.89002
11 108 2.75781
11 109 2.8096
11 110 2.84493
11 111 2.42132
11 112 2.61045
11 113 2.73947
12 11 3.12088
12 13 3.66642
12 17 3.66231
12 18 3.47325
12 21 3.64164
12 22 1.45542
12 23 1.46708
12 24 1.43
12 27 1.98942
12 28 2.20028
12 31 1.12361
12 32 1.53274
12 33 3.51639
12 34 0.938675
12 35 1.43178
12 37 1.93828
12 39 2.72405
12 40 2.19317
12 50 2.9718
12 58 2.27673
12 63 3.57181
12 67 0.699603
12 69 3.29735
12 75 0.574696
12 76 1.54072
12 77 2.42081
13 0 2.90429
13 5 3.54508
13 6 2.07701
13 11 3.46013
13 12 3.66642
13 14 2.62706
13 15 3.63715
13 16 3.29735
13 17 2.30229
13 20 3.79012
13 21 3.61495
13 22 3.72339
13 23 3.78335
13 24 3.77672
13 26 3.78598
13 28 1.74268
13 30 2.59278
13 33 0.971882
13 34 3.28337
13 35 2.97481
13 36 2.71337
13 37 3.31585
13 42 3.69707
13 43 3.67561
13 44 3.61206
13 45 3.71
13 47 2.37124
13 49 1.46865
13 55 2.85078
13 56 2.77748
13 57 2.81076
13 58 2.38335
13 61 1.77757
13 62 2.69372
13 63 3.31334
13 64 1.81108
13 65 1.87923
13 66 1.73729
13 67 2.9674
13 68 2.81847
13 69 3.24138
13 76 2.12629
13 77 1.68628
13 79 1.55081
13 80 1.80493
13 81 1.72187
13 82 1.73852
13 83 1.81108
13 84 1.6697
13 85 1.82044
13 86 1.75642
13 87 1.83148
13 88 1.83953
13 89 1.82001
13 90 1.81945
13 91 1.82768
13 92 1.8548
13 93 1.78371
13 94 1.87034
13 95 1.85047
13 96 1.77454
13 97 1.83348
13 98 1.8167
13 99 1.81792
13 100 1.86895
13 101 1.85068
13 102 1.85068
13 103 1.76866
13 104 1.71961
13 105 1.71702
13 106 1.7
13 107 1.73732
13 108 1.73348
13 109 1.71702
13 110 1.70131
13 111 1.97828
13 112 1.87272
13 113 1.91677
14 0 3.06954
14 5 2.4683
14 6 1.35573
14 10 3.67007
14 13 2.62706
14 15 1.01885
14 16 2.38625
14 20 3.54662
14 29 2.26108
14 30 1.98179
14 33 3.1739
14 36 2.16901
14 38 1.80772
14 41 2.15001
14 47 3.61725
14 49 2.46761
14 52 3.01254
14 53 2.47188
14 54 2.35683
14 55 1.63883
14 56 1.56763
14 57 1.55572
14 59 1.97554
14 60 1.79361
14 61 3.08586
14 64 2.88002
14 65 3.2704
14 66 3.2425
14 68 3.74883
14 74 3.37264
14 78 1.8769
14 79 2.88465
14 80 3.16492
14 81 3.12453
14 82 3.13249
14 83 3.22302
14 84 3.07159
14 85 3.1588
14 86 3.15508
14 87 3.1625
14 88 3.19601
14 89 3.18441
14 90 3.14438
14 91 3.23117
14 92 2.96317
14 93 3.01266
14 94 2.98625
14 95 3.1113
14 96 2.89024
14 97 3.08131
14 98 3.0584
14 99 3.00156
14 100 3.16272
14 101 3.03335
14 102 3.03335
14 103 2.96122
14 104 2.92127
14 105 3.03689
14 106 2.99965
14 107 2.91548
14 108 3.03059
14 109 2.9789
14 110 2.94167
14 111 3.41309
14 112 3.21281
14 113 3.12538
15 0 3.78451
15 1 3.69057
15 4 3.7527
15 5 2.84031
15 6 2.21472
15 8 3.76482
15 13 3.63715
15 14 1.01885
15 16 2.57906
15 29 2.10723
15 30 2.44298
15 36 2.82843
15 38 1.44296
15 41 1.88801
15 49 3.2945
15 52 2.17362
15 53 1.57232
15 54 1.39284
15 55 1.94346
15 56 1.90895
15 57 1.87688
15 59 1.68627
15 60 1.35257
15 74 3.51714
15 78 0.917265
16 1 2.38144
16 2 2.5954
16 3 2.5286
16 4 2.65396
16 6 3.46434
16 7 2.58312
16 8 1.49815
16 9 1.70453
16 10 1.29437
16 13 3.29735
16 14 2.38625
16 15 2.57906
16 20 1.22984
16 21 3.71423
16 25 2.28677
16 26 1.6767
16 29 0.849368
16 30 0.707107
16 49 2.00569
16 51 3.0215
16 54 3.72222
16 55 0.750185
16 56 0.827678
16 57 0.833567
16 59 1.21201
16 60 1.55396
16 69 3.66642
16 70 2.18639
16 71 2.37055
16 72 2.08993
16 73 2.08037
16 74 0.986825
16 77 3.76335
16 78 3.34033
17 0 2.2903
17 5 3.64467
17 6 3.01962
17 11 1.50922
17 12 3.66231
17 13 2.30229
17 27 2.98312
17 28 1.69876
17 31 3.245
17 32 3.77189
17 33 1.33135
17 34 2.81726
17 35 2.30054
17 36 2.89275
17 37 2.13918
17 42 2.62687
17 43 2.59698
17 44 2.50739
17 45 2.62488
17 46 2.36951
17 47 1.02209
17 48 2.05051
17 49 3.76731
17 58 1.39147
17 61 1.20468
17 62 0.421901
17 63 1.1257
17 64 1.45612
17 65 1.03548
17 66 1.00692
17 67 3.147
17 68 1.45008
17 75 3.49229
17 76 2.56678
17 77 3.16828
17 79 1.35536
17 80 1.12461
17 81 1.1375
17 82 1.13444
17 83 1.05844
17 84 1.18052
17 85 1.13932
17 86 1.11518
17 87 1.14045
17 88 1.10454
17 89 1.10867
17 90 1.15591
17 91 1.05647
17 92 1.38584
17 93 1.29207
17 94 1.3683
17 95 1.2112
17 96 1.42644
17 97 1.23738
17 98 1.25544
17 99 1.32183
17 100 1.16025
17 101 1.30267
17 102 1.30267
17 103 1.34371
17 104 1.36728
17 105 1.23582
17 106 1.2716
17 107 1.38123
17 108 1.24944
17 109 1.3015
17 110 1.3372
17 111 0.91682
17 112 1.10202
17 113 1.23344
18 12 3.47325
18 19 0.554023
18 27 2.41811
18 31 2.66759
18 32 2.03068
18 34 3.34933
18 35 3.58983
18 37 3.334
18 39 0.774773
18 40 1.39054
18 75 2.98141
19 18 0.554023
19 27 2.81785
19 31 3.16301
19 32 2.54177
19 37 3.73158
19 39 1.29206
19 40 1.88206
19 75 3.50811
20 1 2.57207
20 2 2.77794
20 3 2.68168
20 4 2.90306
20 7 1.49833
20 8 1.1241
20 9 1.1582
20 10 0.328681
20 13 3.79012
20 14 3.54662
20 16 1.22984
20 21 2.92599
20 25 1.20149
20 26 0.521737
20 29 1.90938
20 30 1.60078
20 49 2.32529
20 51 1.86377
20 55 1.92534
20 56 1.98731
20 57 2.00561
20 59 2.34768
20 60 2.71889
20 69 3.0056
20 70 1.90647
20 71 2.41931
20 72 1.73794
20 73 1.69966
20 74 0.48104
20 77 3.69825
21 7 1.62114
21 10 3.2007
21 12 3.64164
21 13 3.61495
21 16 3.71423
21 20 2.92599
21 22 2.34968
21 23 2.37539
21 24 2.40668
21 25 1.83379
21 26 2.45
21 30 3.48742
21 49 2.73666
21 50 1.82483
21 51 1.71547
21 67 3.31518
21 69 0.42495
21 74 3.4014
21 76 3.17963
21 77 2.25746
22 12 1.45542
22 13 3.72339
22 21 2.34968
22 23 0.060074
22 24 0.066666
22 27 3.43649
22 28 2.83989
22 31 2.57828
22 32 2.94453
22 34 2.25574
22 35 2.63345
22 37 3.23958
22 40 3.57702
22 49 3.7716
22 50 1.54629
22 58 3.25818
22 67 1.48677
22 69 2.08337
22 75 2.02792
22 76 1.96787
22 77 2.08182
23 12 1.46708
23 13 3.78335
23 21 2.37539
23 22 0.060074
23 24 0.0372377
23 27 3.45222
23 28 2.89196
23 31 2.59067
23 32 2.94512
23 34 2.28233
23 35 2.66753
23 37 3.27014
23 40 3.57338
23 50 1.52069
23 58 3.30257
23 67 1.5241
23 69 2.11692
23 75 2.03752
23 76 2.02056
23 77 2.14172
24 12 1.43
24 13 3.77672
24 21 2.40668
24 22 0.066666
24 23 0.0372377
24 27 3.41541
24 28 2.86986
24 31 2.5536
24 32 2.90808
24 34 2.24735
24 35 2.63472
24 37 3.23615
24 40 3.53673
24 50 1.55632
24 58 3.27451
24 67 1.49273
24 69 2.14486
24 75 2.00034
24 76 1.99924
24 77 2.14024
25 1 3.68032
25 3 3.77198
25 7 0.300481
25 8 2.19101
25 9 2.12706
25 10 1.41912
25 16 2.28677
25 20 1.20149
25 21 1.83379
25 26 0.680887
25 29 3.06347
25 30 2.37963
25 49 2.439
25 50 3.61701
25 51 0.760878
25 55 2.84817
25 56 2.8871
25 57 2.91688
25 59 3.48052
25 69 2.01358
25 70 2.87615
25 71 3.48712
25 72 2.69345
25 73 2.64517
25 74 1.67763
25 77 3.20156
26 1 3.03407
26 2 3.23338
26 3 3.13374
26 4 3.36815
26 7 0.976684
26 8 1.55143
26 9 1.52355
26 10 0.75296
26 13 3.78598
26 16 1.6767
26 20 0.521737
26 21 2.45
26 25 0.680887
26 29 2.41157
26 30 1.90471
26 49 2.32525
26 51 1.35659
26 55 2.31087
26 56 2.36193
26 57 2.38633
26 59 2.84085
26 60 3.2059
26 69 2.56737
26 70 2.28504
26 71 2.85761
26 72 2.1062
26 73 2.06155
26 74 0.996807
26 77 3.46366
27 11 1.72852
27 12 1.98942
27 17 2.98312
27 18 2.41811
27 19 2.81785
27 22 3.43649
27 23 3.45222
27 24 3.41541
27 28 2.46801
27 31 0.876797
27 32 0.952338
27 33 3.5872
27 34 1.29363
27 35 1.29021
27 37 0.916813
27 39 1.71602
27 40 1.14514
27 58 1.88517
27 62 3.07846
27 63 2.30376
27 67 2.14503
27 75 1.43849
27 76 2.51335
27 77 3.68674
28 0 3.58394
28 6 3.52141
28 11 2.07552
28 12 2.20028
28 13 1.74268
28 17 1.69876
28 22 2.83989
28 23 2.89196
28 24 2.86986
28 27 2.46801
28 31 2.23954
28 32 2.88507
28 33 1.32846
28 34 1.59834
28 35 1.23615
28 37 1.60298
28 40 3.44501
28 47 2.48244
28 48 3.74751
28 49 2.88444
28 58 0.783537
28 61 2.2226
28 62 2.08866
28 63 2.18699
28 64 2.43385
28 65 2.169
28 66 2.0272
28 67 1.56848
28 68 2.99122
28 69 3.43197
28 75 2.23468
28 76 0.873212
28 77 1.63466
28 79 2.16417
28 80 2.18104
28 81 2.12462
28 82 2.13579
28 83 2.13314
28 84 2.11695
28 85 2.20462
28 86 2.1347
28 87 2.21396
28 88 2.1922
28 89 2.18028
28 90 2.21675
28 91 2.14491
28 92 2.4135
28 93 2.29412
28 94 2.41157
28 95 2.28213
28 96 2.38708
28 97 2.28939
28 98 2.2907
28 99 2.34108
28 100 2.25725
28 101 2.35024
28 102 2.35024
28 103 2.3219
28 104 2.30376
28 105 2.20015
28 106 2.21516
28 107 2.32718
28 108 2.22365
28 109 2.25156
28 110 2.26722
28 111 2.15317
28 112 2.21563
28 113 2.346
29 1 1.92094
29 2 2.11356
29 3 2.07454
29 4 2.12186
29 6 3.53346
29 7 3.36365
29 8 1.65779
29 9 1.90071
29 10 1.8503
29 14 2.26108
29 15 2.10723
29 16 0.849368
29 20 1.90938
29 25 3.06347
29 26 2.41157
29 30 1.34339
29 38 3.54966
29 49 2.70457
29 51 3.76764
29 53 3.35098
29 54 3.04746
29 55 0.980475
29 56 1.0568
29 57 1.02687
29 59 0.454908
29 60 0.835302
29 70 2.08866
29 71 2.01044
29 72 2.06142
29 73 2.07341
29 74 1.51339
29 78 2.72151
30 1 3.07482
30 2 3.28676
30 3 3.22394
30 4 3.33569
30 6 2.88414
30 7 2.65
30 8 2.16282
30 9 2.34913
30 10 1.78194
30 13 2.59278
30 14 1.98179
30 15 2.44298
30 16 0.707107
30 20 1.60078
30 21 3.48742
30 25 2.37963
30 26 1.90471
30 29 1.34339
30 33 3.52382
30 38 3.71517
30 49 1.36239
30 51 3.14051
30 54 3.73785
30 55 0.544158
30 56 0.548489
30 57 0.587166
30 59 1.53912
30 60 1.77898
30 69 3.36292
30 70 2.88333
30 71 3.0749
30 72 2.77808
30 73 2.76488
30 74 1.54071
30 77 3.17744
30 78 3.30522
30 79 3.74733
31 11 2.3038
31 12 1.12361
31 17 3.245
31 18 2.66759
31 19 3.16301
31 22 2.57828
31 23 2.59067
31 24 2.5536
31 27 0.876797
31 28 2.23954
31 32 0.653403
31 33 3.5203
31 34 0.683334
31 35 1.03078
31 37 1.1559
31 39 1.89333
31 40 1.2816
31 58 1.91731
31 62 3.44205
31 63 2.83674
31 67 1.40841
31 75 0.562238
31 76 1.98699
31 77 3.11575
32 11 2.65189
32 12 1.53274
32 17 3.77189
32 18 2.03068
32 19 2.54177
32 22 2.94453
32 23 2.94512
32 24 2.90808
32 27 0.952338
32 28 2.88507
32 31 0.653403
32 34 1.33436
32 35 1.66016
32 37 1.63345
32 39 1.25655
32 40 0.670444
32 58 2.50473
32 63 3.21842
32 67 1.98463
32 75 0.983859
32 76 2.62826
32 77 3.73589
33 0 2.37724
33 5 3.36989
33 6 2.21672
33 11 2.58201
33 12 3.51639
33 13 0.971882
33 14 3.1739
33 17 1.33135
33 27 3.5872
33 28 1.32846
33 30 3.52382
33 31 3.5203
33 34 2.91023
33 35 2.49098
33 36 2.51571
33 37 2.67088
33 42 3.05798
33 43 3.03246
33 44 2.95652
33 45 3.06635
33 46 3.16786
33 47 1.52764
33 48 3.03403
33 49 2.4396
33 55 3.72671
33 56 3.648
33 57 3.67733
33 58 1.70204
33 61 1.04276
33 62 1.72251
33 63 2.37233
33 64 1.19345
33 65 1.07144
33 66 0.913598
33 67 2.85677
33 68 2.02323
33 75 3.56
33 76 2.05728
33 77 2.16651
33 79 0.903336
33 80 1.03381
33 81 0.956382
33 82 0.971827
33 83 1.01208
33 84 0.924332
33 85 1.05538
33 86 0.98115
33 87 1.06662
33 88 1.05948
33 89 1.04194
33 90 1.06155
33 91 1.02805
33 92 1.19774
33 93 1.08947
33 94 1.20332
33 95 1.11514
33 96 1.14695
33 97 1.11068
33 98 1.10312
33 99 1.1349
33 100 1.11105
33 101 1.15584
33 102 1.15584
33 103 1.1006
33 104 1.06781
33 105 0.998999
33 106 1.0005
33 107 1.091
33 108 1.02157
33 109 1.03182
33 110 1.03543
33 111 1.12897
33 112 1.09097
33 113 1.18623
34 11 2.18276
34 12 0.938675
34 13 3.28337
34 17 2.81726
34 18 3.34933
34 22 2.25574
34 23 2.28233
34 24 2.24735
34 27 1.29363
34 28 1.59834
34 31 0.683334
34 32 1.33436
34 33 2.91023
34 35 0.520683
34 37 1.00678
34 39 2.57563
34 40 1.96073
34 58 1.42992
34 61 3.69249
34 62 3.0771
34 63 2.63715
34 65 3.59878
34 66 3.47916
34 67 0.857969
34 69 3.78025
34 75 0.680071
34 76 1.30918
34 77 2.4559
34 79 3.68312
34 80 3.63628
34 81 3.59539
34 82 3.60347
34 83 3.57868
34 84 3.60099
34 85 3.65906
34 86 3.59703
34 87 3.66661
34 88 3.63872
34 89 3.63081
34 90 3.6735
34 91 3.58719
34 93 3.77363
34 95 3.74066
34 97 3.75414
34 98 3.76049
34 100 3.70588
34 105 3.68332
34 106 3.705
34 108 3.70589
34 109 3.74227
34 110 3.7642
34 111 3.54542
34 112 3.65576
35 11 1.72821
35 12 1.43178
35 13 2.97481
35 17 2.30054
35 18 3.58983
35 22 2.63345
35 23 2.66753
35 24 2.63472
35 27 1.29021
35 28 1.23615
35 31 1.03078
35 32 1.66016
35 33 2.49098
35 34 0.520683
35 37 0.637922
35 39 2.83088
35 40 2.20907
35 47 3.28663
35 58 0.920277
35 61 3.21234
35 62 2.55642
35 63 2.14505
35 64 3.45388
35 65 3.10987
35 66 2.99632
35 67 1.15302
35 68 3.74746
35 75 1.19175
35 76 1.24927
35 77 2.41945
35 79 3.21884
35 80 3.15284
35 81 3.1163
35 82 3.12348
35 83 3.09342
35 84 3.1256
35 85 3.17523
35 86 3.1157
35 87 3.18229
35 88 3.15317
35 89 3.14628
35 90 3.19012
35 91 3.1011
35 92 3.41436
35 93 3.29549
35 94 3.40656
35 95 3.25719
35 96 3.40986
35 97 3.27214
35 98 3.27976
35 99 3.33986
35 100 3.22028
35 101 3.3393
35 102 3.3393
35 103 3.33386
35 104 3.32869
35 105 3.20697
35 106 3.23047
35 107 3.35067
35 108 3.22907
35 109 3.26771
35 110 3.29146
35 111 3.04979
35 112 3.16862
35 113 3.3099
36 0 0.960469
36 5 0.856699
36 6 0.951315
36 13 2.71337
36 14 2.16901
36 15 2.82843
36 17 2.89275
36 33 2.51571
36 38 2.23956
36 41 2.13653
36 42 1.68926
36 43 1.68802
36 44 1.68759
36 45 1.71216
36 46 2.45311
36 47 1.9586
36 48 2.78029
36 49 3.59451
36 52 3.77599
36 53 3.53162
36 54 3.62491
36 55 3.66659
36 56 3.5834
36 57 3.58551
36 61 1.73333
36 62 2.95569
36 64 1.47949
36 65 1.87417
36 66 1.95256
36 68 1.8512
36 78 3.26214
36 79 1.69919
36 80 1.80432
36 81 1.82307
36 82 1.81902
36 83 1.86964
36 84 1.804
36 85 1.78466
36 86 1.83137
36 87 1.7803
36 88 1.81421
36 89 1.8157
36 90 1.76831
36 91 1.86644
36 92 1.53307
36 93 1.64527
36 94 1.54605
36 95 1.70468
36 96 1.52023
36 97 1.68333
36 98 1.67041
36 99 1.60528
36 100 1.75089
36 101 1.61469
36 102 1.61469
36 103 1.60078
36 104 1.598
36 105 1.72634
36 106 1.6987
36 107 1.57734
36 108 1.70595
36 109 1.66208
36 110 1.6347
36 111 1.97856
36 112 1.80839
36 113 1.66883
37 11 1.19181
37 12 1.93828
37 13 3.31585
37 17 2.13918
37 18 3.334
37 19 3.73158
37 22 3.23958
37 23 3.27014
37 24 3.23615
37 27 0.916813
37 28 1.60298
37 31 1.1559
37 32 1.63345
37 33 2.67088
37 34 1.00678
37 35 0.637922
37 39 2.61922
37 40 2.02327
37 47 3.16071
37 58 0.968965
37 61 3.21067
37 62 2.30002
37 63 1.69244
37 64 3.46429
37 65 3.0794
37 66 2.99127
37 67 1.77553
37 68 3.57287
37 75 1.55063
37 76 1.84675
37 77 2.99678
37 79 3.26619
37 80 3.14133
37 81 3.12072
37 82 3.12468
37 83 3.077
37 84 3.14187
37 85 3.16178
37 86 3.11255
37 87 3.1669
37 88 3.13413
37 89 3.13107
37 90 3.17787
37 91 3.08148
37 92 3.41189
37 93 3.29848
37 94 3.40008
37 95 3.24293
37 96 3.42413
37 97 3.26266
37 98 3.27447
37 99 3.33899
37 100 3.19935
37 101 3.33136
37 102 3.33136
37 103 3.34306
37 104 3.34796
37 105 3.218
37 106 3.24674
37 107 3.36791
37 108 3.23805
37 109 3.28294
37 110 3.31179
37 111 2.99368
37 112 3.14333
37 113 3.28535
38 0 3.14136
38 5 1.83685
38 6 2.1511
38 14 1.80772
38 15 1.44296
38 29 3.54966
38 30 3.71517
38 36 2.23956
38 41 0.451233
38 42 3.64255
38 43 3.65423
38 44 3.69056
38 45 3.66568
38 52 1.55322
38 53 1.31191
38 54 1.46816
38 55 3.27622
38 56 3.22458
38 57 3.20003
38 59 3.12799
38 60 2.78455
38 64 3.60555
38 78 1.24376
38 79 3.75033
38 92 3.67518
38 93 3.77113
38 94 3.69297
38 96 3.63715
38 99 3.73961
38 101 3.75832
38 102 3.75832
38 103 3.72041
38 104 3.70184
38 107 3.68574
38 109 3.76848
38 110 3.73467
39 11 3.33986
39 12 2.72405
39 18 0.774773
39 19 1.29206
39 27 1.71602
39 31 1.89333
39 32 1.25655
39 34 2.57563
39 35 2.83088
39 37 2.61922
39 40 0.622271
39 58 3.57542
39 67 3.23487
39 75 2.21615
40 11 2.83903
40 12 2.19317
40 18 1.39054
40 19 1.88206
40 22 3.57702
40 23 3.57338
40 24 3.53673
40 27 1.14514
40 28 3.44501
40 31 1.2816
40 32 0.670444
40 34 1.96073
40 35 2.20907
40 37 2.02327
40 39 0.622271
40 58 2.96877
40 63 3.41681
40 67 2.65257
40 75 1.65337
40 76 3.26813
41 0 2.97108
41 5 1.58231
41 6 2.24381
41 14 2.15001
41 15 1.88801
41 36 2.13653
41 38 0.451233
41 42 3.38446
41 43 3.39899
41 44 3.44384
41 45 3.40697
41 52 1.67614
41 53 1.59452
41 54 1.80959
41 55 3.68096
41 56 3.62532
41 57 3.60291
41 59 3.57422
41 60 3.23369
41 64 3.57542
41 78 1.65529
41 79 3.75015
41 92 3.63884
41 93 3.74285
41 94 3.6546
41 96 3.61113
41 97 3.78954
41 98 3.77389
41 99 3.70735
41 101 3.72205
41 102 3.72205
41 103 3.69422
41 104 3.68179
41 106 3.7829
41 107 3.66371
41 109 3.74819
41 110 3.71652
41 113 3.78569
42 0 0.857968
42 5 1.8093
42 6 2.5691
42 13 3.69707
42 17 2.62687
42 33 3.05798
42 36 1.68926
42 38 3.64255
42 41 3.38446
42 43 0.0300648
42 44 0.120204
42 45 0.0235962
42 46 0.873212
42 47 1.66678
42 48 1.35657
42 61 2.01535
42 62 2.4382
42 63 3.26208
42 64 1.90303
42 65 2.00735
42 66 2.16282
42 68 1.17946
42 79 2.18743
42 80 2.02741
42 81 2.10238
42 82 2.0873
42 83 2.05788
42 84 2.13392
42 85 2.00507
42 86 2.07963
42 87 1.99403
42 88 2.0051
42 89 2.02137
42 90 1.99778
42 91 2.04315
42 92 1.87679
42 93 1.97453
42 94 1.86682
42 95 1.94284
42 96 1.94487
42 97 1.94776
42 98 1.95647
42 99 1.93132
42 100 1.94917
42 101 1.90653
42 102 1.90653
42 103 1.97217
42 104 2.01357
42 105 2.06155
42 106 2.06435
42 107 1.99231
42 108 2.03972
42 109 2.03661
42 110 2.04052
42 111 1.99697
42 112 1.97555
42 113 1.8718
43 0 0.845255
43 5 1.8223
43 6 2.56259
43 13 3.67561
43 17 2.59698
43 33 3.03246
43 36 1.68802
43 38 3.65423
43 41 3.39899
43 42 0.0300648
43 44 0.0901388
43 45 0.0344231
43 46 0.857376
43 47 1.63786
43 48 1.33525
43 61 1.98997
43 62 2.40817
43 63 3.23269
43 64 1.87974
43 65 1.98059
43 66 2.13625
43 68 1.14977
43 79 2.16354
43 80 2.00141
43 81 2.07664
43 82 2.06151
43 83 2.03144
43 84 2.10857
43 85 1.97912
43 86 2.05367
43 87 1.96806
43 88 1.97888
43 89 1.99522
43 90 1.97195
43 91 2.01666
43 92 1.85272
43 93 1.94982
43 94 1.84254
43 95 1.91732
43 96 1.92136
43 97 1.92249
43 98 1.93138
43 99 1.90677
43 100 1.92322
43 101 1.88173
43 102 1.88173
43 103 1.94792
43 104 1.98961
43 105 2.03653
43 106 2.03963
43 107 1.96846
43 108 2.01476
43 109 2.0121
43 110 2.01634
43 111 1.9693
43 112 1.94921
43 113 1.84623
44 0 0.812712
44 5 1.86373
44 6 2.54517
44 11 3.71162
44 13 3.61206
44 17 2.50739
44 33 2.95652
44 36 1.68759
44 38 3.69056
44 41 3.44384
44 42 0.120204
44 43 0.0901388
44 45 0.117896
44 46 0.81464
44 47 1.55144
44 48 1.27335
44 61 1.91473
44 62 2.31811
44 63 3.14465
44 64 1.81115
44 65 1.901
44 66 2.05721
44 68 1.0609
44 79 2.09291
44 80 1.92419
44 81 2.00025
44 82 1.98495
44 83 1.95285
44 84 2.03337
44 85 1.90209
44 86 1.9766
44 87 1.89097
44 88 1.90096
44 89 1.91756
44 90 1.89529
44 91 1.9379
44 92 1.7817
44 93 1.8767
44 94 1.77088
44 95 1.84167
44 96 1.85207
44 97 1.84761
44 98 1.85709
44 99 1.83421
44 100 1.84623
44 101 1.80839
44 102 1.80839
44 103 1.87628
44 104 1.91888
44 105 1.96239
44 106 1.96646
44 107 1.89803
44 108 1.94087
44 109 1.93962
44 110 1.94487
44 111 1.8868
44 112 1.87095
44 113 1.77049
45 0 0.876896
45 5 1.8322
45 6 2.59066
45 13 3.71
45 17 2.62488
45 33 3.06635
45 36 1.71216
45 38 3.66568
45 41 3.40697
45 42 0.0235962
45 43 0.0344231
45 44 0.117896
45 46 0.85129
45 47 1.6688
45 48 1.33718
45 61 2.02392
45 62 2.43274
45 63 3.25279
45 64 1.91412
45 65 2.01387
45 66 2.16964
45 68 1.17877
45 79 2.19785
45 80 2.0351
45 81 2.11045
45 82 2.0953
45 83 2.06491
45 84 2.14252
45 85 2.01284
45 86 2.08739
45 87 2.00177
45 88 2.01246
45 89 2.02885
45 90 2.00572
45 91 2.0501
45 92 1.88701
45 93 1.98396
45 94 1.87679
45 95 1.95122
45 96 1.95572
45 97 1.95647
45 98 1.96543
45 99 1.94096
45 100 1.95695
45 101 1.91586
45 102 1.91586
45 103 1.98218
45 104 2.02392
45 105 2.07059
45 106 2.07377
45 107 2.00277
45 108 2.04885
45 109 2.0463
45 110 2.0506
45 111 2.00186
45 112 1.98273
45 113 1.88012
46 0 1.51005
46 5 2.67757
46 6 3.24182
46 11 3.29619
46 17 2.36951
46 33 3.16786
46 36 2.45311
46 42 0.873212
46 43 0.857376
46 44 0.81464
46 45 0.85129
46 47 1.64134
46 48 0.542634
46 58 3.74125
46 61 2.19011
46 62 2.06414
46 63 2.71851
46 64 2.17923
46 65 2.10799
46 66 2.26207
46 68 1.15193
46 79 2.41814
46 80 2.16901
46 81 2.25222
46 82 2.23554
46 83 2.1731
46 84 2.30097
46 85 2.15161
46 86 2.21977
46 87 2.14034
46 88 2.13649
46 89 2.15574
46 90 2.15103
46 91 2.15645
46 92 2.12325
46 93 2.18432
46 94 2.10535
46 95 2.11672
46 96 2.20907
46 97 2.13337
46 98 2.15026
46 99 2.15232
46 100 2.10081
46 101 2.11834
46 102 2.11834
46 103 2.20309
46 104 2.25395
46 105 2.25
46 106 2.26695
46 107 2.23833
46 108 2.23336
46 109 2.25099
46 110 2.2689
46 111 2.03889
46 112 2.10324
46 113 2.05007
47 0 1.27029
47 5 2.65436
47 6 2.29878
47 11 2.44614
47 13 2.37124
47 14 3.61725
47 17 1.02209
47 28 2.48244
47 33 1.52764
47 35 3.28663
47 36 1.9586
47 37 3.16071
47 42 1.66678
47 43 1.63786
47 44 1.55144
47 45 1.6688
47 46 1.64134
47 48 1.53717
47 49 3.78451
47 58 2.3667
47 61 0.629966
47 62 1
47 63 1.95114
47 64 0.754618
47 65 0.493537
47 66 0.635271
47 68 0.514543
47 76 3.3444
47 77 3.67892
47 79 0.880027
47 80 0.579753
47 81 0.659305
47 82 0.64328
47 83 0.562238
47 84 0.71683
47 85 0.569569
47 86 0.622719
47 87 0.559898
47 88 0.542821
47 89 0.561978
47 90 0.575634
47 91 0.545913
47 92 0.672681
47 93 0.665985
47 94 0.649124
47 95 0.570636
47 96 0.757533
47 97 0.597391
47 98 0.620233
47 99 0.656779
47 100 0.533108
47 101 0.620038
47 102 0.620038
47 103 0.707276
47 104 0.758078
47 105 0.693794
47 106 0.723035
47 107 0.753644
47 108 0.685708
47 109 0.723581
47 110 0.754619
47 111 0.400347
47 112 0.511232
47 113 0.527019
48 0 1.82003
48 5 3.1167
48 6 3.47635
48 11 2.80859
48 17 2.05051
48 28 3.74751
48 33 3.03403
48 36 2.78029
48 42 1.35657
48 43 1.33525
48 44 1.27335
48 45 1.33718
48 46 0.542634
48 47 1.53717
48 58 3.37198
48 61 2.15159
48 62 1.692
48 63 2.23439
48 64 2.20432
48 65 2.03039
48 66 2.17083
48 68 1.14903
48 79 2.39737
48 80 2.11164
48 81 2.19324
48 82 2.17687
48 83 2.09897
48 84 2.24895
48 85 2.09881
48 86 2.15732
48 87 2.08835
48 88 2.07555
48 89 2.09501
48 90 2.10245
48 91 2.08253
48 92 2.13473
48 93 2.16798
48 94 2.11352
48 95 2.08392
48 96 2.22436
48 97 2.10637
48 98 2.12688
48 99 2.1456
48 100 2.05563
48 101 2.10888
48 102 2.10888
48 103 2.19829
48 104 2.25099
48 105 2.21516
48 106 2.23958
48 107 2.24007
48 108 2.20306
48 109 2.23215
48 110 2.25737
48 111 1.93085
48 112 2.04294
48 113 2.02608
49 6 2.7081
49 7 2.60134
49 8 3.25346
49 9 3.3825
49 10 2.62345
49 13 1.46865
49 14 2.46761
49 15 3.2945
49 16 2.00569
49 17 3.76731
49 20 2.32529
49 21 2.73666
49 22 3.7716
49 25 2.439
49 26 2.32525
49 28 2.88444
49 29 2.70457
49 30 1.36239
49 33 2.4396
49 36 3.59451
49 47 3.78451
49 51 3.10644
49 55 1.80278
49 56 1.75823
49 57 1.80008
49 58 3.63694
49 59 2.85822
49 60 3.03558
49 61 3.16418
49 64 3.13745
49 65 3.29211
49 66 3.16275
49 67 3.58985
49 69 2.47494
49 74 2.52299
49 76 2.864
49 77 1.83454
49 79 2.91952
49 80 3.20577
49 81 3.12529
49 82 3.14141
49 83 3.22339
49 84 3.06837
49 85 3.21774
49 86 3.16179
49 87 3.22803
49 88 3.24232
49 89 3.223
49 90 3.21363
49 91 3.23946
49 92 3.19766
49 93 3.15117
49 94 3.217
49 95 3.23236
49 96 3.10992
49 97 3.21064
49 98 3.19073
49 99 3.17712
49 100 3.26016
49 101 3.21304
49 102 3.21304
49 103 3.12484
49 104 3.07258
49 105 3.10066
49 106 3.07684
49 107 3.08587
49 108 3.11312
49 109 3.08593
49 110 3.06272
49 111 3.4053
49 112 3.27451
49 113 3.29198
50 7 3.36869
50 12 2.9718
50 21 1.82483
50 22 1.54629
50 23 1.52069
50 24 1.55632
50 25 3.61701
50 51 3.30799
50 67 3.01836
50 69 1.86027
50 75 3.53163
50 76 3.35709
50 77 3.01929
51 7 0.513431
51 8 2.68794
51 9 2.56741
51 10 2.00738
51 16 3.0215
51 20 1.86377
51 21 1.71547
51 25 0.760878
51 26 1.35659
51 29 3.76764
51 30 3.14051
51 49 3.10644
51 50 3.30799
51 55 3.60555
51 56 3.646
51 57 3.67524
51 69 2.03201
51 70 3.26226
51 72 3.08064
51 73 3.0288
51 74 2.31135
51 77 3.56311
52 5 3.256
52 6 3.6776
52 14 3.01254
52 15 2.17362
52 36 3.77599
52 38 1.55322
52 41 1.67614
52 53 0.630033
52 54 0.931667
52 59 3.52139
52 60 3.14132
52 78 1.29722
53 5 3.13948
53 6 3.29048
53 14 2.47188
53 15 1.57232
53 29 3.35098
53 36 3.53162
53 38 1.31191
53 41 1.59452
53 52 0.630033
53 54 0.334963
53 55 3.45355
53 56 3.43218
53 57 3.39612
53 59 2.89616
53 60 2.51581
53 78 0.672681
54 5 3.30363
54 6 3.29621
54 14 2.35683
54 15 1.39284
54 16 3.72222
54 29 3.04746
54 30 3.73785
54 36 3.62491
54 38 1.46816
54 41 1.80959
54 52 0.931667
54 53 0.334963
54 55 3.20527
54 56 3.18971
54 57 3.15214
54 59 2.59361
54 60 2.21422
54 78 0.481031
55 1 2.86376
55 2 3.06558
55 3 3.01697
55 4 3.08782
55 6 2.73626
55 7 3.13001
55 8 2.21923
55 9 2.437
55 10 2.03204
55 13 2.85078
55 14 1.63883
55 15 1.94346
55 16 0.750185
55 20 1.92534
55 25 2.84817
55 26 2.31087
55 29 0.980475
55 30 0.544158
55 33 3.72671
55 36 3.66659
55 38 3.27622
55 41 3.68096
55 49 1.80278
55 51 3.60555
55 53 3.45355
55 54 3.20527
55 56 0.0864542
55 57 0.0834
55 59 1.05645
55 60 1.25223
55 70 2.84755
55 71 2.91421
55 72 2.77307
55 73 2.7701
55 74 1.73458
55 77 3.63715
55 78 2.78139
56 1 2.94688
56 2 3.14804
56 3 3.10017
56 4 3.16867
56 6 2.65176
56 7 3.16614
56 8 2.30297
56 9 2.51965
56 10 2.10252
56 13 2.77748
56 14 1.56763
56 15 1.90895
56 16 0.827678
56 20 1.98731
56 25 2.8871
56 26 2.36193
56 29 1.0568
56 30 0.548489
56 33 3.648
56 36 3.5834
56 38 3.22458
56 41 3.62532
56 49 1.75823
56 51 3.646
56 53 3.43218
56 54 3.18971
56 55 0.0864542
56 57 0.0426592
56 59 1.10873
56 60 1.28306
56 70 2.93386
56 71 2.99926
56 72 2.85894
56 73 2.85576
56 74 1.80907
56 77 3.59255
56 78 2.75955
56 79 3.73911
57 1 2.92309
57 2 3.12331
57 3 3.07651
57 4 3.14203
57 6 2.65662
57 7 3.19701
57 8 2.30013
57 9 2.51873
57 10 2.11483
57 13 2.81076
57 14 1.55572
57 15 1.87688
57 16 0.833567
57 20 2.00561
57 25 2.91688
57 26 2.38633
57 29 1.02687
57 30 0.587166
57 33 3.67733
57 36 3.58551
57 38 3.20003
57 41 3.60291
57 49 1.80008
57 51 3.67524
57 53 3.39612
57 54 3.15214
57 55 0.0834
57 56 0.0426592
57 59 1.06888
57 60 1.24052
57 70 2.92295
57 71 2.97905
57 72 2.85044
57 73 2.84803
57 74 1.81792
57 77 3.63428
57 78 2.72357
57 79 3.76012
58 0 3.59575
58 11 1.30488
58 12 2.27673
58 13 2.38335
58 17 1.39147
58 22 3.25818
58 23 3.30257
58 24 3.27451
58 27 1.88517
58 28 0.783537
58 31 1.91731
58 32 2.50473
58 33 1.70204
58 34 1.42992
58 35 0.920277
58 37 0.968965
58 39 3.57542
58 40 2.96877
58 46 3.74125
58 47 2.3667
58 48 3.37198
58 49 3.63694
58 61 2.31047
58 62 1.68363
58 63 1.50148
58 64 2.55739
58 65 2.19911
58 66 2.09231
58 67 1.81051
58 68 2.83196
58 75 2.10842
58 76 1.42296
58 77 2.3927
58 79 2.33743
58 80 2.24752
58 81 2.21611
58 82 2.22219
58 83 2.18637
58 84 2.22991
58 85 2.26942
58 86 2.21289
58 87 2.27593
58 88 2.24563
58 89 2.23981
58 90 2.28473
58 91 2.19317
58 92 2.51306
58 93 2.39561
58 94 2.50389
58 95 2.35148
58 96 2.51468
58 97 2.36797
58 98 2.37697
58 99 2.43881
58 100 2.31248
58 101 2.43589
58 102 2.43589
58 103 2.43641
58 104 2.43516
58 105 2.30964
58 106 2.33529
58 107 2.45641
58 108 2.33108
58 109 2.37229
58 110 2.3982
58 111 2.13358
58 112 2.25942
58 113 2.40144
59 1 2.13938
59 2 2.30958
59 3 2.28926
59 4 2.28434
59 6 3.30052
59 7 3.77955
59 8 2.09397
59 9 2.33732
59 10 2.30217
59 14 1.97554
59 15 1.68627
59 16 1.21201
59 20 2.34768
59 25 3.48052
59 26 2.84085
59 29 0.454908
59 30 1.53912
59 38 3.12799
59 41 3.57422
59 49 2.85822
59 52 3.52139
59 53 2.89616
59 54 2.59361
59 55 1.05645
59 56 1.10873
59 57 1.06888
59 60 0.380398
59 70 2.45685
59 71 2.27888
59 72 2.45
59 73 2.46721
59 74 1.96485
59 78 2.26759
60 1 2.37226
60 2 2.52331
60 3 2.51645
60 4 2.47476
60 6 3.14555
60 8 2.46338
60 9 2.70651
60 10 2.68103
60 14 1.79361
60 15 1.35257
60 16 1.55396
60 20 2.71889
60 26 3.2059
60 29 0.835302
60 30 1.77898
60 38 2.78455
60 41 3.23369
60 49 3.03558
60 52 3.14132
60 53 2.51581
60 54 2.21422
60 55 1.25223
60 56 1.28306
60 57 1.24052
60 59 0.380398
60 70 2.7833
60 71 2.54271
60 72 2.78933
60 73 2.80971
60 74 2.34361
60 78 1.88861
61 0 1.3644
61 5 2.53959
61 6 1.82683
61 11 2.71378
61 13 1.77757
61 14 3.08586
61 17 1.20468
61 28 2.2226
61 33 1.04276
61 34 3.69249
61 35 3.21234
61 36 1.73333
61 37 3.21067
61 42 2.01535
61 43 1.98997
61 44 1.91473
61 45 2.02392
61 46 2.19011
61 47 0.629966
61 48 2.15159
61 49 3.16418
61 58 2.31047
61 62 1.38531
61 63 2.30188
61 64 0.25661
61 65 0.184553
61 66 0.21948
61 67 3.79088
61 68 1.04095
61 76 3.03775
61 77 3.2028
61 79 0.250067
61 80 0.0811949
61 81 0.098233
61 82 0.0890203
61 83 0.146317
61 84 0.118641
61 85 0.0730456
61 86 0.0981514
61 87 0.0780351
61 88 0.110162
61 89 0.099487
61 90 0.059798
61 91 0.149886
61 92 0.202604
61 93 0.0891322
61 94 0.194319
61 95 0.0746026
61 96 0.222445
61 97 0.0687499
61 98 0.0684529
61 99 0.128599
61 100 0.0969776
61 101 0.128506
61 102 0.128506
61 103 0.13924
61 104 0.166721
61 105 0.0639823
61 106 0.0947032
61 107 0.17758
61 108 0.058194
61 109 0.107236
61 110 0.144294
61 111 0.327406
61 112 0.130464
61 113 0.145299
62 0 2.23912
62 5 3.6486
62 6 3.20693
62 11 1.45497
62 13 2.69372
62 17 0.421901
62 27 3.07846
62 28 2.08866
62 31 3.44205
62 33 1.72251
62 34 3.0771
62 35 2.55642
62 36 2.95569
62 37 2.30002
62 42 2.4382
62 43 2.40817
62 44 2.31811
62 45 2.43274
62 46 2.06414
62 47 1
62 48 1.692
62 58 1.68363
62 61 1.38531
62 63 0.952336
62 64 1.61332
62 65 1.20149
62 66 1.2262
62 67 3.48076
62 68 1.30311
62 75 3.74001
62 76 2.94703
62 77 3.58717
62 79 1.5836
62 80 1.30491
62 81 1.34215
62 82 1.33435
62 83 1.24477
62 84 1.39542
62 85 1.31317
62 86 1.31191
62 87 1.3107
62 88 1.27593
62 89 1.28592
62 90 1.32842
62 91 1.23748
62 92 1.53379
62 93 1.46408
62 94 1.51263
62 95 1.36953
62 96 1.59391
62 97 1.39888
62 98 1.42057
62 99 1.48258
62 100 1.31689
62 101 1.45526
62 102 1.45526
62 103 1.51665
62 104 1.55178
62 105 1.43109
62 106 1.46837
62 107 1.56034
62 108 1.43882
62 109 1.49116
62 110 1.52844
62 111 1.06158
62 112 1.26281
62 113 1.37031
63 0 3.16938
63 11 0.577849
63 12 3.57181
63 13 3.31334
63 17 1.1257
63 27 2.30376
63 28 2.18699
63 31 2.83674
63 32 3.21842
63 33 2.37233
63 34 2.63715
63 35 2.14505
63 37 1.69244
63 40 3.41681
63 42 3.26208
63 43 3.23269
63 44 3.14465
63 45 3.25279
63 46 2.71851
63 47 1.95114
63 48 2.23439
63 58 1.50148
63 61 2.30188
63 62 0.952336
63 64 2.54259
63 65 2.1225
63 66 2.11896
63 67 3.23935
63 68 2.20328
63 75 3.2376
63 76 2.92355
63 79 2.47348
63 80 2.22069
63 81 2.24525
63 82 2.2401
63 83 2.15672
63 84 2.2928
63 85 2.23215
63 86 2.21918
63 87 2.23131
63 88 2.19557
63 89 2.20294
63 90 2.24821
63 91 2.152
63 92 2.466
63 93 2.38559
63 94 2.44598
63 95 2.29603
63 96 2.51866
63 97 2.32438
63 98 2.34473
63 99 2.40925
63 100 2.24346
63 101 2.38497
63 102 2.38497
63 103 2.43823
63 104 2.46802
63 105 2.34047
63 106 2.37728
63 107 2.47935
63 108 2.35146
63 109 2.40416
63 110 2.44093
63 111 1.98887
63 112 2.18696
63 113 2.30488
64 0 1.18383
64 5 2.29362
64 6 1.5939
64 11 2.96522
64 13 1.81108
64 14 2.88002
64 17 1.45612
64 28 2.43385
64 33 1.19345
64 35 3.45388
64 36 1.47949
64 37 3.46429
64 38 3.60555
64 41 3.57542
64 42 1.90303
64 43 1.87974
64 44 1.81115
64 45 1.91412
64 46 2.17923
64 47 0.754618
64 48 2.20432
64 49 3.13745
64 58 2.55739
64 61 0.25661
64 62 1.61332
64 63 2.54259
64 65 0.421975
64 66 0.474046
64 68 1.06004
64 76 3.22921
64 77 3.32015
64 79 0.291548
64 80 0.33333
64 81 0.343581
64 82 0.339918
64 83 0.4
64 84 0.328282
64 85 0.31711
64 86 0.353553
64 87 0.315675
64 88 0.35159
64 89 0.348062
64 90 0.300464
64 91 0.400348
64 92 0.083336
64 93 0.167495
64 94 0.106737
64 95 0.246788
64 96 0.0471145
64 97 0.219229
64 98 0.200696
64 99 0.134372
64 100 0.299199
64 101 0.158114
64 102 0.158114
64 103 0.121329
64 104 0.130149
64 105 0.247753
64 106 0.223607
64 107 0.106674
64 108 0.226675
64 109 0.186327
64 110 0.166664
64 111 0.554022
64 112 0.356299
64 113 0.246099
65 0 1.42127
65 5 2.66173
65 6 2.00811
65 11 2.54405
65 13 1.87923
65 14 3.2704
65 17 1.03548
65 28 2.169
65 33 1.07144
65 34 3.59878
65 35 3.10987
65 36 1.87417
65 37 3.0794
65 42 2.00735
65 43 1.98059
65 44 1.901
65 45 2.01387
65 46 2.10799
65 47 0.493537
65 48 2.03039
65 49 3.29211
65 58 2.19911
65 61 0.184553
65 62 1.20149
65 63 2.1225
65 64 0.421975
65 66 0.158114
65 67 3.73587
65 68 0.957137
65 76 3.00396
65 77 3.23745
65 79 0.414019
65 80 0.106745
65 81 0.171597
65 82 0.157208
65 83 0.0687516
65 84 0.231542
65 85 0.111803
65 86 0.134402
65 87 0.109345
65 88 0.0745237
65 89 0.0867359
65 90 0.126933
65 91 0.0527057
65 92 0.350398
65 93 0.263513
65 94 0.33334
65 95 0.175795
65 96 0.396169
65 97 0.202753
65 98 0.222364
65 99 0.287718
65 100 0.125
65 101 0.267192
65 102 0.267192
65 103 0.316228
65 104 0.3504
65 105 0.236883
65 106 0.273377
65 107 0.359005
65 108 0.240352
65 109 0.291548
65 110 0.328741
65 111 0.143347
65 112 0.06667
65 113 0.206155
66 0 1.55724
66 5 2.75829
66 6 2.01308
66 11 2.51274
66 13 1.73729
66 14 3.2425
66 17 1.00692
66 28 2.0272
66 33 0.913598
66 34 3.47916
66 35 2.99632
66 36 1.95256
66 37 2.99127
66 42 2.16282
66 43 2.13625
66 44 2.05721
66 45 2.16964
66 46 2.26207
66 47 0.635271
66 48 2.17083
66 49 3.16275
