21 -1
0 33568 1.59936
1 33572 2.00925
2 33578 1.71304
3 33579 1.30658
4 33581 1.08663
5 33591 1.62938
6 33593 2.1469
7 33595 1.10998
8 33596 1.72269
9 33598 1.13516
10 33600 1.64225
11 33620 1.17176
12 33628 1.89788
13 33638 1.95279
14 33644 2.03183
15 33654 1.25192
16 33668 1.30743
17 33677 1.92288
18 33687 1.92397
19 33688 1.14731
20 33711 1.54088
0 1 0.321899
0 2 0.111803
0 3 0.487911
0 4 0.819379
0 5 0.537553
0 6 0.745347
0 7 0.437464
0 8 0.562245
0 9 0.693223
0 10 0.696014
0 11 0.208803
0 12 0.537994
0 13 0.711332
0 14 0.291037
0 15 0.27375
0 16 0.477254
0 17 0.614629
0 18 0.490175
0 19 0.286769
0 20 0.667083
1 0 0.321899
1 2 0.433346
1 3 0.190026
1 4 0.519074
1 5 0.222932
1 6 0.433648
1 7 0.117835
1 8 0.25
1 9 0.38333
1 10 0.484498
1 11 0.5
1 12 0.219204
1 13 0.395896
1 14 0.463085
1 15 0.585788
1 16 0.167495
1 17 0.300459
1 18 0.314491
1 19 0.60396
1 20 0.351581
2 0 0.111803
2 1 0.433346
2 3 0.594889
2 4 0.924059
2 5 0.646945
2 6 0.853251
2 7 0.548212
2 8 0.671036
2 9 0.800871
2 10 0.781196
2 11 0.1333
2 12 0.648282
2 13 0.820323
2 14 0.286713
2 15 0.168799
2 16 0.586177
2 17 0.723601
2 18 0.575416
2 19 0.177196
2 20 0.776209
3 0 0.487911
3 1 0.190026
3 2 0.594889
3 4 0.33333
3 5 0.0705533
3 6 0.258719
3 7 0.0942361
3 8 0.083336
3 9 0.206155
3 10 0.323634
3 11 0.634645
3 12 0.0897206
3 13 0.22894
3 14 0.544163
3 15 0.730443
3 16 0.0372395
3 17 0.134341
3 18 0.21734
3 19 0.753718
3 20 0.186327
4 0 0.819379
4 1 0.519074
4 2 0.924059
4 3 0.33333
4 5 0.299656
4 6 0.106674
4 7 0.405507
4 8 0.271307
4 9 0.142397
4 10 0.305988
4 11 0.95014
4 12 0.31135
4 13 0.152174
4 14 0.827647
4 15 1.04979
4 16 0.351581
4 17 0.226665
4 18 0.411654
4 20 0.186318
5 0 0.537553
5 1 0.222932
5 2 0.646945
5 3 0.0705533
5 4 0.299656
5 6 0.210716
5 7 0.106419
5 8 0.0285258
5 9 0.160785
5 10 0.355611
5 11 0.694993
5 12 0.0255416
5 13 0.173967
5 14 0.612298
5 15 0.788648
5 16 0.0615091
5 17 0.0776536
5 18 0.280862
5 19 0.810499
5 20 0.129625
6 0 0.745347
6 1 0.433648
6 2 0.853251
6 3 0.258719
6 4 0.106674
6 5 0.210716
6 7 0.31667
6 8 0.18408
6 9 0.0526836
6 10 0.339903
6 11 0.891445
6 12 0.217313
6 13 0.0458169
6 14 0.786133
6 15 0.988392
6 16 0.268741
6 17 0.13333
6 18 0.389065
6 19 1.01215
6 20 0.0849869
7 0 0.437464
7 1 0.117835
7 2 0.548212
7 3 0.0942361
7 4 0.405507
7 5 0.106419
7 6 0.31667
7 8 0.134369
7 9 0.267186
7 10 0.41664
7 11 0.605948
7 12 0.101385
7 13 0.278197
7 14 0.54411
7 15 0.695932
7 16 0.060074
7 17 0.18334
7 18 0.287678
7 19 0.715891
7 20 0.233937
8 0 0.562245
8 1 0.25
8 2 0.671036
8 3 0.083336
8 4 0.271307
8 5 0.0285258
8 6 0.18408
8 7 0.134369
8 9 0.13333
8 10 0.337503
8 11 0.715891
8 12 0.0471216
8 13 0.14931
8 14 0.627389
8 15 0.810579
8 16 0.0849967
8 17 0.0526836
8 18 0.279418
8 19 0.833029
8 20 0.105399
9 0 0.693223
9 1 0.38333
9 2 0.800871
9 3 0.206155
9 4 0.142397
9 5 0.160785
9 6 0.0526836
9 7 0.267186
9 8 0.13333
9 10 0.317138
9 11 0.838812
9 12 0.169964
9 13 0.0412712
9 14 0.735039
9 15 0.935709
9 16 0.217313
9 17 0.0849673
9 18 0.34362
9 19 0.959479
9 20 0.0471145
10 0 0.696014
10 1 0.484498
10 2 0.781196
10 3 0.323634
10 4 0.305988
10 5 0.355611
10 6 0.339903
10 7 0.41664
10 8 0.337503
10 9 0.317138
10 11 0.766842
10 12 0.380789
10 13 0.357637
10 14 0.605755
10 15 0.869589
10 16 0.360555
10 17 0.339901
10 18 0.206155
10 19 0.900616
10 20 0.350396
11 0 0.208803
11 1 0.5
11 2 0.1333
11 3 0.634645
11 4 0.95014
11 5 0.694993
11 6 0.891445
11 7 0.605948
11 8 0.715891
11 9 0.838812
11 10 0.766842
11 12 0.70097
11 13 0.863584
11 14 0.194359
11 15 0.102782
11 16 0.633532
11 17 0.768268
11 18 0.567638
11 19 0.134369
11 20 0.820725
12 0 0.537994
12 1 0.219204
12 2 0.648282
12 3 0.0897206
12 4 0.31135
12 5 0.0255416
12 6 0.217313
12 7 0.101385
12 8 0.0471216
12 9 0.169964
12 10 0.380789
12 11 0.70097
12 13 0.177343
12 14 0.624699
12 15 0.793148
12 16 0.0707107
12 17 0.0849967
12 18 0.304138
12 19 0.814125
12 20 0.13334
13 0 0.711332
13 1 0.395896
13 2 0.820323
13 3 0.22894
13 4 0.152174
13 5 0.173967
13 6 0.0458169
13 7 0.278197
13 8 0.14931
13 9 0.0412712
13 10 0.357637
13 11 0.863584
13 12 0.177343
13 14 0.766105
13 15 0.959135
13 16 0.234163
13 17 0.0967282
13 18 0.381618
13 19 0.981967
13 20 0.0443736
14 0 0.291037
14 1 0.463085
14 2 0.286713
14 3 0.544163
14 4 0.827647
14 5 0.612298
14 6 0.786133
14 7 0.54411
14 8 0.627389
14 9 0.735039
14 10 0.605755
14 11 0.194359
14 12 0.624699
14 13 0.766105
14 15 0.28719
14 16 0.554003
14 17 0.676762
14 18 0.421626
14 19 0.321863
14 20 0.72666
15 0 0.27375
15 1 0.585788
15 2 0.168799
15 3 0.730443
15 4 1.04979
15 5 0.788648
15 6 0.988392
15 7 0.695932
15 8 0.810579
15 9 0.935709
15 10 0.869589
15 11 0.102782
15 12 0.793148
15 13 0.959135
15 14 0.28719
15 16 0.727151
15 17 0.863175
15 18 0.670298
15 19 0.0350678
15 20 0.915818
16 0 0.477254
16 1 0.167495
16 2 0.586177
16 3 0.0372395
16 4 0.351581
16 5 0.0615091
16 6 0.268741
16 7 0.060074
16 8 0.0849967
16 9 0.217313
16 10 0.360555
16 11 0.633532
16 12 0.0707107
16 13 0.234163
16 14 0.554003
16 15 0.727151
16 17 0.137435
16 18 0.25
16 19 0.749085
16 20 0.190036
17 0 0.614629
17 1 0.300459
17 2 0.723601
17 3 0.134341
17 4 0.226665
17 5 0.0776536
17 6 0.13333
17 7 0.18334
17 8 0.0526836
17 9 0.0849673
17 10 0.339901
17 11 0.768268
17 12 0.0849967
17 13 0.0967282
17 14 0.676762
17 15 0.863175
17 16 0.137435
17 18 0.313111
17 19 0.885695
17 20 0.0527152
18 0 0.490175
18 1 0.314491
18 2 0.575416
18 3 0.21734
18 4 0.411654
18 5 0.280862
18 6 0.389065
18 7 0.287678
18 8 0.279418
18 9 0.34362
18 10 0.206155
18 11 0.567638
18 12 0.304138
18 13 0.381618
18 14 0.421626
18 15 0.670298
18 16 0.25
18 17 0.313111
18 19 0.700199
18 20 0.351587
19 0 0.286769
19 1 0.60396
19 2 0.177196
19 3 0.753718
19 5 0.810499
19 6 1.01215
19 7 0.715891
19 8 0.833029
19 9 0.959479
19 10 0.900616
19 11 0.134369
19 12 0.814125
19 13 0.981967
19 14 0.321863
19 15 0.0350678
19 16 0.749085
19 17 0.885695
19 18 0.700199
19 20 0.938397
20 0 0.667083
20 1 0.351581
20 2 0.776209
20 3 0.186327
20 4 0.186318
20 5 0.129625
20 6 0.0849869
20 7 0.233937
20 8 0.105399
20 9 0.0471145
20 10 0.350396
20 11 0.820725
20 12 0.13334
20 13 0.0443736
20 14 0.72666
20 15 0.915818
20 16 0.190036
20 17 0.0527152
20 18 0.351587
20 19 0.938397
-1