43 -1
0 33567 1.68902
1 33568 2.12189
2 33572 1.80907
3 33578 1.37982
4 33579 1.14755
5 33581 1.72073
6 33585 2.26726
7 33591 1.1722
8 33592 1.81927
9 33593 1.1988
10 33595 1.73431
11 33596 1.23745
12 33598 2.00428
13 33600 2.06227
14 33618 2.14574
15 33619 1.32211
16 33620 1.38073
17 33628 2.03068
18 33630 2.03183
19 33634 1.21163
20 33638 1.62727
21 33641 1.19657
22 33642 1.5232
23 33644 1.71507
24 33648 1.15413
25 33652 1.43283
26 33653 1.54906
27 33654 1.99858
28 33663 1.17674
29 33668 1.21818
30 33670 1.34216
31 33677 1.72982
32 33680 2.20414
33 33682 2.0153
34 33687 1.97372
35 33688 2.21576
36 33694 1.46417
37 33703 1.96912
38 33704 2.25203
39 33706 2.14751
40 33707 2.03198
41 33709 1.71448
42 33711 2.24903
0 2 0.226695
0 4 0.0372797
0 5 0.300464
0 7 0.0754478
0 9 0.232131
0 10 0.130149
0 11 0.0745684
0 12 0.179521
0 13 0.291548
0 17 0.1
0 18 0.320583
0 19 0.134397
0 20 0.20681
0 22 0.137404
0 28 0.060074
0 29 0.0707107
0 31 0.117832
0 32 0.21667
0 33 0.25
0 34 0.206155
0 38 0.117849
0 39 0.037235
0 40 0.157208
0 41 0.274885
0 42 0.166672
1 2 0.321899
1 3 0.111803
1 6 0.0833
1 8 0.25
1 14 0.286713
1 15 0.206155
1 16 0.208803
1 18 0.223607
1 21 0.194394
1 23 0.291037
1 25 0.254951
1 26 0.21734
1 27 0.27375
1 30 0.203456
1 35 0.286769
1 36 0.254382
1 37 0.101385
2 0 0.226695
2 1 0.321899
2 4 0.190026
2 6 0.301854
2 7 0.222932
2 10 0.117835
2 11 0.25
2 17 0.219204
2 18 0.101385
2 19 0.158114
2 22 0.271311
2 28 0.194359
2 29 0.167495
2 30 0.13334
2 31 0.300459
2 34 0.314491
2 36 0.263525
2 38 0.130214
2 39 0.20277
2 40 0.307304
3 1 0.111803
3 6 0.16664
3 8 0.158114
3 14 0.323584
3 15 0.212132
3 16 0.1333
3 18 0.33541
3 21 0.231558
3 23 0.286713
3 25 0.25
3 26 0.186367
3 27 0.168799
3 30 0.314478
3 35 0.177196
3 36 0.327433
3 37 0.0333
4 0 0.0372797
4 2 0.190026
4 5 0.33333
4 7 0.0705533
4 9 0.258719
4 10 0.0942361
4 11 0.083336
4 12 0.206155
4 13 0.323634
4 17 0.0897206
4 18 0.28528
4 19 0.105408
4 20 0.22894
4 22 0.15
4 28 0.0527057
4 29 0.0372395
4 30 0.320593
4 31 0.134341
4 32 0.250557
4 33 0.283822
4 34 0.21734
4 36 0.333336
4 38 0.0897744
4 39 0.0235255
4 40 0.164947
4 41 0.304138
4 42 0.186327
5 0 0.300464
5 4 0.33333
5 7 0.299656
5 9 0.106674
5 11 0.271307
5 12 0.142397
5 13 0.305988
5 17 0.31135
5 20 0.152174
5 31 0.226665
5 32 0.0849869
5 33 0.0527152
5 39 0.317095
5 40 0.246043
5 41 0.0600907
5 42 0.186318
6 1 0.0833
6 2 0.301854
6 3 0.16664
6 8 0.32056
6 15 0.287678
6 16 0.284738
6 18 0.200696
6 21 0.269258
6 25 0.33703
6 26 0.300463
6 27 0.335433
6 30 0.169974
6 36 0.306361
6 37 0.141421
7 0 0.0754478
7 2 0.222932
7 4 0.0705533
7 5 0.299656
7 9 0.210716
7 10 0.106419
7 11 0.0285258
7 12 0.160785
7 17 0.0255416
7 18 0.323752
7 19 0.0837719
7 20 0.173967
7 22 0.212197
7 28 0.12215
7 29 0.0615091
7 31 0.0776536
7 32 0.223586
7 33 0.25522
7 34 0.280862
7 38 0.153356
7 39 0.0476873
7 40 0.0966441
7 41 0.260699
7 42 0.129625
8 1 0.25
8 3 0.158114
8 6 0.32056
8 14 0.318406
8 15 0.2
8 16 0.0527152
8 21 0.252208
8 23 0.232122
8 24 0.186372
8 25 0.206155
8 26 0.134372
8 27 0.055181
8 35 0.0897466
8 37 0.189997
9 0 0.232131
9 4 0.258719
9 5 0.106674
9 7 0.210716
9 10 0.31667
9 11 0.18408
9 12 0.0526836
9 13 0.339903
9 17 0.217313
9 19 0.285292
9 20 0.0458169
9 22 0.33078
9 28 0.291047
9 29 0.268741
9 31 0.13333
9 32 0.0833
9 33 0.0897206
9 39 0.238627
9 40 0.142397
9 41 0.0526836
9 42 0.0849869
10 0 0.130149
10 2 0.117835
10 4 0.0942361
10 7 0.106419
10 9 0.31667
10 11 0.134369
10 12 0.267186
10 17 0.101385
10 18 0.219204
10 19 0.0471923
10 20 0.278197
10 22 0.226628
10 28 0.126868
10 29 0.060074
10 30 0.250551
10 31 0.18334
10 32 0.327443
10 34 0.287678
10 36 0.33328
10 38 0.101378
10 39 0.0971882
10 40 0.190036
10 42 0.233937
11 0 0.0745684
11 2 0.25
11 4 0.083336
11 5 0.271307
11 7 0.0285258
11 9 0.18408
11 10 0.134369
11 12 0.13333
11 13 0.337503
11 17 0.0471216
11 19 0.111803
11 20 0.14931
11 22 0.21082
11 28 0.130175
11 29 0.0849967
11 31 0.0526836
11 32 0.195087
11 33 0.226695
11 34 0.279418
11 38 0.171626
11 39 0.0601295
11 40 0.08328
11 41 0.23333
11 42 0.105399
12 0 0.179521
12 4 0.206155
12 5 0.142397
12 7 0.160785
12 9 0.0526836
12 10 0.267186
12 11 0.13333
12 13 0.317138
12 17 0.169964
12 19 0.238627
12 20 0.0412712
12 22 0.282843
12 28 0.238633
12 29 0.217313
12 31 0.0849673
12 32 0.08336
12 33 0.106737
12 38 0.29535
12 39 0.186348
12 40 0.106674
12 41 0.1
12 42 0.0471145
13 0 0.291548
13 4 0.323634
13 5 0.305988
13 9 0.339903
13 11 0.337503
13 12 0.317138
13 22 0.217322
13 28 0.294888
13 31 0.339901
13 32 0.258737
13 33 0.269258
13 34 0.206155
13 39 0.328686
13 41 0.337507
14 1 0.286713
14 3 0.323584
14 8 0.318406
14 15 0.12132
14 16 0.271307
14 18 0.334963
14 21 0.0942291
14 23 0.111803
14 25 0.117849
14 26 0.18408
14 34 0.31135
14 36 0.111803
15 1 0.206155
15 3 0.212132
15 6 0.287678
15 8 0.2
15 14 0.12132
15 16 0.150927
15 18 0.33541
15 21 0.060074
15 23 0.0849497
15 24 0.328741
15 25 0.05
15 26 0.0687298
15 27 0.253292
15 30 0.337503
15 35 0.28529
15 36 0.179512
15 37 0.236852
16 1 0.208803
16 3 0.1333
16 6 0.284738
16 8 0.0527152
16 14 0.271307
16 15 0.150927
16 21 0.200688
16 23 0.194359
16 24 0.226749
16 25 0.164161
16 26 0.0897744
16 27 0.102782
16 35 0.134369
16 36 0.320583
16 37 0.1666
17 0 0.1
17 2 0.219204
17 4 0.0897206
17 5 0.31135
17 7 0.0255416
17 9 0.217313
17 10 0.101385
17 11 0.0471216
17 12 0.169964
17 18 0.320583
17 19 0.0687201
17 20 0.177343
17 22 0.235669
17 28 0.142369
17 29 0.0707107
17 31 0.0849967
17 32 0.238633
17 33 0.269258
17 34 0.304138
17 38 0.16501
17 39 0.0687491
17 40 0.0897466
17 41 0.268741
17 42 0.13334
18 0 0.320583
18 1 0.223607
18 2 0.101385
18 3 0.33541
18 4 0.28528
18 6 0.200696
18 7 0.323752
18 10 0.219204
18 14 0.334963
18 15 0.33541
18 17 0.320583
18 19 0.258745
18 21 0.284831
18 22 0.337453
18 28 0.279368
18 29 0.26666
18 30 0.0372887
18 36 0.233894
18 37 0.321899
18 38 0.210829
18 39 0.300464
19 0 0.134397
19 2 0.158114
19 4 0.105408
19 7 0.0837719
19 9 0.285292
19 10 0.0471923
19 11 0.111803
19 12 0.238627
19 17 0.0687201
19 18 0.258745
19 20 0.244089
19 22 0.252212
19 28 0.150922
19 29 0.0687491
19 30 0.287718
19 31 0.153674
19 32 0.306423
19 33 0.33748
19 34 0.317138
19 38 0.142462
19 39 0.0972397
19 40 0.150916
19 41 0.337059
19 42 0.200696
20 0 0.20681
20 4 0.22894
20 5 0.152174
20 7 0.173967
20 9 0.0458169
20 10 0.278197
20 11 0.14931
20 12 0.0412712
20 17 0.177343
20 19 0.244089
20 22 0.319192
20 28 0.266835
20 29 0.234163
20 31 0.0967282
20 32 0.113666
20 33 0.129076
20 38 0.318698
20 39 0.207274
20 40 0.097603
20 41 0.0979455
20 42 0.0443736
21 1 0.194394
21 3 0.231558
21 6 0.269258
21 8 0.252208
21 14 0.0942291
21 15 0.060074
21 16 0.200688
21 18 0.284831
21 23 0.121273
21 25 0.0971539
21 26 0.126933
21 27 0.303268
21 30 0.291134
21 35 0.33334
21 36 0.121347
21 37 0.25
22 0 0.137404
22 2 0.271311
22 4 0.15
22 7 0.212197
22 9 0.33078
22 10 0.226628
22 11 0.21082
22 12 0.282843
22 13 0.217322
22 17 0.235669
22 18 0.337453
22 19 0.252212
22 20 0.319192
22 28 0.10138
22 29 0.184056
22 31 0.246023
22 32 0.283318
22 33 0.313121
22 34 0.0687516
22 36 0.271317
22 38 0.143316
22 39 0.167432
22 40 0.291011
22 42 0.286719
23 1 0.291037
23 3 0.286713
23 8 0.232122
23 14 0.111803
23 15 0.0849497
23 16 0.194359
23 21 0.121273
23 24 0.311377
23 25 0.037235
23 26 0.106674
23 27 0.28719
23 35 0.321863
23 36 0.212132
23 37 0.314406
24 8 0.186372
24 15 0.328741
24 16 0.226749
24 23 0.311377
24 25 0.306432
24 26 0.263526
24 27 0.185337
24 35 0.2
25 1 0.254951
25 3 0.25
25 6 0.33703
25 8 0.206155
25 14 0.117849
25 15 0.05
25 16 0.164161
25 21 0.0971539
25 23 0.037235
25 24 0.306432
25 26 0.0745237
25 27 0.261279
25 35 0.295331
25 36 0.203456
25 37 0.277361
26 1 0.21734
26 3 0.186367
26 6 0.300463
26 8 0.134372
26 14 0.18408
26 15 0.0687298
26 16 0.0897744
26 21 0.126933
26 23 0.106674
26 24 0.263526
26 25 0.0745237
26 27 0.188978
26 35 0.222364
26 36 0.247787
26 37 0.216665
27 1 0.27375
27 3 0.168799
27 6 0.335433
27 8 0.055181
27 15 0.253292
27 16 0.102782
27 21 0.303268
27 23 0.28719
27 24 0.185337
27 25 0.261279
27 26 0.188978
27 35 0.0350678
27 37 0.196264
28 0 0.060074
28 2 0.194359
28 4 0.0527057
28 7 0.12215
28 9 0.291047
28 10 0.126868
28 11 0.130175
28 12 0.238633
28 13 0.294888
28 17 0.142369
28 18 0.279368
28 19 0.150922
28 20 0.266835
28 22 0.10138
28 29 0.0833
28 30 0.316228
28 31 0.17713
28 32 0.268741
28 33 0.301842
28 34 0.1667
28 36 0.291548
28 38 0.0686958
28 39 0.074479
28 40 0.21339
28 41 0.332084
28 42 0.226677
29 0 0.0707107
29 2 0.167495
29 4 0.0372395
29 7 0.0615091
29 9 0.268741
29 10 0.060074
29 11 0.0849967
29 12 0.217313
29 17 0.0707107
29 18 0.26666
29 19 0.0687491
29 20 0.234163
29 22 0.184056
29 28 0.0833
29 30 0.300464
29 31 0.137435
29 32 0.271317
29 33 0.304138
29 34 0.25
29 38 0.0942998
29 39 0.0372887
29 40 0.157221
29 41 0.31711
29 42 0.190036
30 1 0.203456
30 2 0.13334
30 3 0.314478
30 4 0.320593
30 6 0.169974
30 10 0.250551
30 15 0.337503
30 18 0.0372887
30 19 0.287718
30 21 0.291134
30 28 0.316228
30 29 0.300464
30 36 0.254951
30 37 0.298166
30 38 0.247797
30 39 0.335009
31 0 0.117832
31 2 0.300459
31 4 0.134341
31 5 0.226665
31 7 0.0776536
31 9 0.13333
31 10 0.18334
31 11 0.0526836
31 12 0.0849673
31 13 0.339901
31 17 0.0849967
31 19 0.153674
31 20 0.0967282
31 22 0.246023
31 28 0.17713
31 29 0.137435
31 32 0.157213
31 33 0.186318
31 34 0.313111
31 38 0.223607
31 39 0.111803
31 40 0.05
31 41 0.18408
31 42 0.0527152
32 0 0.21667
32 4 0.250557
32 5 0.0849869
32 7 0.223586
32 9 0.0833
32 10 0.327443
32 11 0.195087
32 12 0.08336
32 13 0.258737
32 17 0.238633
32 19 0.306423
32 20 0.113666
32 22 0.283318
32 28 0.268741
32 29 0.271317
32 31 0.157213
32 33 0.03333
32 34 0.333336
32 38 0.333748
32 39 0.235694
32 40 0.188536
32 41 0.08336
32 42 0.130169
33 0 0.25
33 4 0.283822
33 5 0.0527152
33 7 0.25522
33 9 0.0897206
33 11 0.226695
33 12 0.106737
33 13 0.269258
33 17 0.269258
33 19 0.33748
33 20 0.129076
33 22 0.313121
33 28 0.301842
33 29 0.304138
33 31 0.186318
33 32 0.03333
33 39 0.268731
33 40 0.213411
33 41 0.0687516
33 42 0.153654
34 0 0.206155
34 2 0.314491
34 4 0.21734
34 7 0.280862
34 10 0.287678
34 11 0.279418
34 13 0.206155
34 14 0.31135
34 17 0.304138
34 19 0.317138
34 22 0.0687516
34 28 0.1667
34 29 0.25
34 31 0.313111
34 32 0.333336
34 36 0.250557
34 38 0.195045
34 39 0.23567
35 1 0.286769
35 3 0.177196
35 8 0.0897466
35 15 0.28529
35 16 0.134369
35 21 0.33334
35 23 0.321863
35 24 0.2
35 25 0.295331
35 26 0.222364
35 27 0.0350678
35 37 0.200698
36 1 0.254382
36 2 0.263525
36 3 0.327433
36 4 0.333336
36 6 0.306361
36 10 0.33328
36 14 0.111803
36 15 0.179512
36 16 0.320583
36 18 0.233894
36 21 0.121347
36 22 0.271317
36 23 0.212132
36 25 0.203456
36 26 0.247787
36 28 0.291548
36 30 0.254951
36 34 0.250557
36 37 0.337445
36 38 0.247728
37 1 0.101385
37 3 0.0333
37 6 0.141421
37 8 0.189997
37 15 0.236852
37 16 0.1666
37 18 0.321899
37 21 0.25
37 23 0.314406
37 25 0.277361
37 26 0.216665
37 27 0.196264
37 30 0.298166
37 35 0.200698
37 36 0.337445
38 0 0.117849
38 2 0.130214
38 4 0.0897744
38 7 0.153356
38 10 0.101378
38 11 0.171626
38 12 0.29535
38 17 0.16501
38 18 0.210829
38 19 0.142462
38 20 0.318698
38 22 0.143316
38 28 0.0686958
38 29 0.0942998
38 30 0.247797
38 31 0.223607
38 32 0.333748
38 34 0.195045
38 36 0.247728
38 39 0.111803
38 40 0.25
38 42 0.275897
39 0 0.037235
39 2 0.20277
39 4 0.0235255
39 5 0.317095
39 7 0.0476873
39 9 0.238627
39 10 0.0971882
39 11 0.0601295
39 12 0.186348
39 13 0.328686
39 17 0.0687491
39 18 0.300464
39 19 0.0972397
39 20 0.207274
39 22 0.167432
39 28 0.074479
39 29 0.0372887
39 30 0.335009
39 31 0.111803
39 32 0.235694
39 33 0.268731
39 34 0.23567
39 38 0.111803
39 40 0.141421
39 41 0.285292
39 42 0.164161
40 0 0.157208
40 2 0.307304
40 4 0.164947
40 5 0.246043
40 7 0.0966441
40 9 0.142397
40 10 0.190036
40 11 0.08328
40 12 0.106674
40 17 0.0897466
40 19 0.150916
40 20 0.097603
40 22 0.291011
40 28 0.21339
40 29 0.157221
40 31 0.05
40 32 0.188536
40 33 0.213411
40 38 0.25
40 39 0.141421
40 41 0.195052
40 42 0.060074
41 0 0.274885
41 4 0.304138
41 5 0.0600907
41 7 0.260699
41 9 0.0526836
41 11 0.23333
41 12 0.1
41 13 0.337507
41 17 0.268741
41 19 0.337059
41 20 0.0979455
41 28 0.332084
41 29 0.31711
41 31 0.18408
41 32 0.08336
41 33 0.0687516
41 39 0.285292
41 40 0.195052
41 42 0.137426
42 0 0.166672
42 4 0.186327
42 5 0.186318
42 7 0.129625
42 9 0.0849869
42 10 0.233937
42 11 0.105399
42 12 0.0471145
42 17 0.13334
42 19 0.200696
42 20 0.0443736
42 22 0.286719
42 28 0.226677
42 29 0.190036
42 31 0.0527152
42 32 0.130169
42 33 0.153654
42 38 0.275897
42 39 0.164161
42 40 0.060074
42 41 0.137426
-1