31 -1
0 31211 1.2031
1 31249 1.51143
2 31289 1.28861
3 31311 0.982856
4 31329 0.817403
5 31337 1.22568
6 31363 1.61498
7 31366 0.834966
8 31373 1.29587
9 31374 0.853909
10 31378 1.23536
11 31388 0.881443
12 31392 1.42766
13 31399 1.46897
14 31412 1.52842
15 31425 0.941743
16 31434 0.983499
17 31439 1.44646
18 31477 1.44729
19 31491 0.863053
20 31507 1.15911
21 31511 0.85232
22 31535 1.08499
23 31555 1.22165
24 31574 0.822094
25 31607 1.02061
26 31610 1.10341
27 31616 1.4236
28 31634 0.838195
29 31645 0.867715
30 31668 0.956029
0 8 0.141613
0 10 0.01667
0 12 0.134338
0 15 0.233927
0 19 0.142369
0 25 0.142369
0 26 0.213468
0 27 0.157208
0 28 0.217125
1 2 0.0526836
1 5 0.222394
1 7 0.238661
1 8 0.145106
1 9 0.194394
1 13 0.083336
1 16 0.0373289
1 17 0.174109
1 19 0.153662
1 20 0.177221
1 21 0.23217
1 22 0.21082
1 25 0.153662
1 26 0.0744745
1 27 0.130169
1 28 0.100111
2 1 0.0526836
2 5 0.2333
2 7 0.238598
2 8 0.107092
2 9 0.189997
2 10 0.238661
2 13 0.0686546
2 16 0.0600907
2 17 0.181777
2 19 0.106773
2 20 0.164149
2 21 0.235669
2 22 0.217241
2 25 0.106773
2 26 0.0527057
2 27 0.0898134
2 28 0.0997489
3 4 0.0849516
3 5 0.117859
3 6 0.117845
3 7 0.0687298
3 9 0.0943068
3 11 0.171578
3 13 0.208891
3 14 0.06667
3 17 0.130662
3 20 0.111803
3 21 0.0849967
3 22 0.10543
3 24 0.0235962
3 29 0.153608
3 30 0.120148
4 3 0.0849516
4 5 0.141421
4 6 0.120204
4 7 0.111803
4 9 0.158114
4 11 0.16667
4 14 0.0971539
4 17 0.178758
4 20 0.186306
4 21 0.120187
4 22 0.143397
4 24 0.1
4 29 0.0897373
4 30 0.0849869
5 1 0.222394
5 2 0.2333
5 3 0.117859
5 4 0.141421
5 6 0.0333
5 7 0.05
5 9 0.0707107
5 13 0.167531
5 14 0.0527152
5 16 0.186306
5 17 0.0518694
5 20 0.106695
5 21 0.03333
5 22 0.0235962
5 24 0.1
5 29 0.134338
5 30 0.0849516
6 3 0.117845
6 4 0.120204
6 5 0.0333
6 7 0.060074
6 9 0.0971539
6 13 0.200694
6 14 0.0526836
6 16 0.219149
6 17 0.085064
6 20 0.134315
6 21 0.0471145
6 22 0.0527057
6 24 0.105399
6 29 0.10138
6 30 0.0527057
7 1 0.238661
7 2 0.238598
7 3 0.0687298
7 4 0.111803
7 5 0.05
7 6 0.060074
7 9 0.05
7 11 0.238633
7 13 0.169999
7 14 0.0167
7 16 0.201352
7 17 0.0682821
7 20 0.0849516
7 21 0.01667
7 22 0.0372797
7 24 0.05
7 29 0.137404
7 30 0.0897206
8 0 0.141613
8 1 0.145106
8 2 0.107092
8 10 0.132631
8 13 0.168938
8 16 0.16588
8 19 0.036907
8 25 0.036907
8 26 0.0724929
8 27 0.0180348
8 28 0.0909686
9 1 0.194394
9 2 0.189997
9 3 0.0943068
9 4 0.158114
9 5 0.0707107
9 6 0.0971539
9 7 0.05
9 13 0.121366
9 14 0.0667
9 16 0.157203
9 17 0.0447486
9 20 0.0372395
9 21 0.0527057
9 22 0.0471145
9 24 0.0707107
9 26 0.242639
9 29 0.186306
9 30 0.137404
10 0 0.01667
10 2 0.238661
10 8 0.132631
10 12 0.1333
10 19 0.137404
10 25 0.137404
10 26 0.203472
10 27 0.149043
10 28 0.204223
11 3 0.171578
11 4 0.16667
11 7 0.238633
11 14 0.232131
11 24 0.194368
12 0 0.134338
12 10 0.1333
13 1 0.083336
13 2 0.0686546
13 3 0.208891
13 5 0.167531
13 6 0.200694
13 7 0.169999
13 8 0.168938
13 9 0.121366
13 14 0.186404
13 16 0.0526836
13 17 0.115662
13 19 0.158114
13 20 0.0972397
13 21 0.16753
13 22 0.15
13 24 0.186367
13 25 0.158114
13 26 0.121273
13 27 0.150922
13 28 0.166122
14 3 0.06667
14 4 0.0971539
14 5 0.0527152
14 6 0.0526836
14 7 0.0167
14 9 0.0667
14 11 0.232131
14 13 0.186404
14 16 0.216665
14 17 0.081638
14 20 0.10138
14 21 0.0235962
14 22 0.0471853
14 24 0.0527152
14 29 0.12127
14 30 0.0744745
15 0 0.233927
16 1 0.0373289
16 2 0.0600907
16 5 0.186306
16 6 0.219149
16 7 0.201352
16 8 0.16588
16 9 0.157203
16 13 0.0526836
16 14 0.216665
16 17 0.137243
16 19 0.16672
16 20 0.141421
16 21 0.195045
16 22 0.173941
16 24 0.226662
16 25 0.16672
16 26 0.101378
16 27 0.149128
16 28 0.135104
17 1 0.174109
17 2 0.181777
17 3 0.130662
17 4 0.178758
17 5 0.0518694
17 6 0.085064
17 7 0.0682821
17 9 0.0447486
17 13 0.115662
17 14 0.081638
17 16 0.137243
17 20 0.0690914
17 21 0.0587313
17 22 0.0367116
17 24 0.107863
17 26 0.232737
17 29 0.18525
17 30 0.13538
19 0 0.142369
19 1 0.153662
19 2 0.106773
19 8 0.036907
19 10 0.137404
19 13 0.158114
19 16 0.16672
19 20 0.2334
19 25 0
19 26 0.0897837
19 27 0.03334
19 28 0.12139
20 1 0.177221
20 2 0.164149
20 3 0.111803
20 4 0.186306
20 5 0.106695
20 6 0.134315
20 7 0.0849516
20 9 0.0372395
20 13 0.0972397
20 14 0.10138
20 16 0.141421
20 17 0.0690914
20 19 0.2334
20 21 0.0897243
20 22 0.08328
20 24 0.0897206
20 25 0.2334
20 26 0.216669
20 27 0.235769
20 29 0.222296
20 30 0.173941
21 1 0.23217
21 2 0.235669
21 3 0.0849967
21 4 0.120187
21 5 0.03333
21 6 0.0471145
21 7 0.01667
21 9 0.0527057
21 13 0.16753
21 14 0.0235962
21 16 0.195045
21 17 0.0587313
21 20 0.0897243
21 22 0.0235891
21 24 0.06667
21 29 0.134337
21 30 0.0849497
22 1 0.21082
22 2 0.217241
22 3 0.10543
22 4 0.143397
22 5 0.0235962
22 6 0.0527057
22 7 0.0372797
22 9 0.0471145
22 13 0.15
22 14 0.0471853
22 16 0.173941
22 17 0.0367116
22 20 0.08328
22 21 0.0235891
22 24 0.0849869
22 29 0.15
22 30 0.1
24 3 0.0235962
24 4 0.1
24 5 0.1
24 6 0.105399
24 7 0.05
24 9 0.0707107
24 11 0.194368
24 13 0.186367
24 14 0.0527152
24 16 0.226662
24 17 0.107863
24 20 0.0897206
24 21 0.06667
24 22 0.0849869
24 29 0.157203
24 30 0.117825
25 0 0.142369
25 1 0.153662
25 2 0.106773
25 8 0.036907
25 10 0.137404
25 13 0.158114
25 16 0.16672
25 19 0
25 20 0.2334
25 26 0.0897837
25 27 0.03334
25 28 0.12139
26 0 0.213468
26 1 0.0744745
26 2 0.0527057
26 8 0.0724929
26 9 0.242639
26 10 0.203472
26 13 0.121273
26 16 0.101378
26 17 0.232737
26 19 0.0897837
26 20 0.216669
26 25 0.0897837
26 27 0.0601295
26 28 0.0506297
27 0 0.157208
27 1 0.130169
27 2 0.0898134
27 8 0.0180348
27 10 0.149043
27 13 0.150922
27 16 0.149128
27 19 0.03334
27 20 0.235769
27 25 0.03334
27 26 0.0601295
27 28 0.08805
28 0 0.217125
28 1 0.100111
28 2 0.0997489
28 8 0.0909686
28 10 0.204223
28 13 0.166122
28 16 0.135104
28 19 0.12139
28 25 0.12139
28 26 0.0506297
28 27 0.08805
29 3 0.153608
29 4 0.0897373
29 5 0.134338
29 6 0.10138
29 7 0.137404
29 9 0.186306
29 14 0.12127
29 17 0.18525
29 20 0.222296
29 21 0.134337
29 22 0.15
29 24 0.157203
29 30 0.05
30 3 0.120148
30 4 0.0849869
30 5 0.0849516
30 6 0.0527057
30 7 0.0897206
30 9 0.137404
30 14 0.0744745
30 17 0.13538
30 20 0.173941
30 21 0.0849497
30 22 0.1
30 24 0.117825
30 29 0.05
-1