58 -1
0 31198 1.34028
1 31200 1.68377
2 31211 1.43554
3 31231 1.09492
4 31247 0.910606
5 31249 1.36544
6 31250 1.79912
7 31263 0.930171
8 31271 1.44363
9 31289 0.951275
10 31291 1.37622
11 31311 0.981949
12 31324 1.59044
13 31329 1.63646
14 31333 1.7027
15 31337 1.04912
16 31359 1.09564
17 31363 1.6114
18 31366 1.61231
19 31373 0.961462
20 31374 1.29128
21 31378 0.949504
22 31388 1.2087
23 31392 1.36095
24 31399 0.915832
25 31403 1.13698
26 31412 1.22922
27 31425 1.58592
28 31431 0.933768
29 31434 0.966655
30 31439 1.06504
31 31445 1.37266
32 31477 1.74904
33 31488 1.59919
34 31491 1.56619
35 31495 1.75826
36 31507 1.16186
37 31508 1.56254
38 31511 1.78704
39 31532 1.7041
40 31535 1.61243
41 31555 1.36049
42 31570 1.78466
43 31573 1.4001
44 31574 1.19417
45 31598 1.68458
46 31599 1.54783
47 31607 1.38843
48 31610 1.4932
49 31611 1.35737
50 31616 1.4485
51 31634 0.981703
52 31636 1.40548
53 31645 1.75581
54 31660 1.44127
55 31668 1.41993
56 31673 1.09002
57 31691 1.7691
0 1 0.46698
0 2 0.428531
0 3 0.306384
0 4 0.206155
0 5 0.195142
0 6 0.143405
0 7 0.083328
0 8 0.279368
0 9 0.200694
0 10 0.25
0 11 0.111803
0 12 0.554025
0 13 0.157203
0 14 0.359783
0 15 0.0372395
0 16 0.216654
0 17 0.0686546
0 18 0.0471145
0 19 0.301924
0 20 0.0372797
0 21 0.42495
0 22 0.283318
0 23 0.556277
0 24 0.1334
0 25 0.274807
0 26 0.0600907
0 27 0.546758
0 28 0.200688
0 29 0.158114
0 30 0.0215551
0 31 0.242636
0 32 0.46666
0 33 0.455246
0 34 0.287777
0 35 0.250555
0 36 0.0707107
0 37 0.171626
0 38 0.037235
0 39 0.644054
0 40 0.0166
0 41 0.733532
0 42 0.533579
0 43 0.120148
0 44 0.0897373
0 45 0.275897
0 46 0.238696
0 47 0.287777
0 48 0.252213
0 49 0.169954
0 50 0.283889
0 51 0.292253
0 52 0.310016
0 53 0.1666
0 54 0.142397
0 55 0.1166
0 56 0.320649
0 57 0.0834
1 0 0.46698
1 2 0.320587
1 3 0.39613
1 4 0.365935
1 5 0.457645
1 6 0.323592
1 7 0.44786
1 8 0.368933
1 9 0.405523
1 10 0.383694
1 11 0.424941
1 12 0.424899
1 13 0.5
1 14 0.31135
1 15 0.5
1 16 0.395107
1 17 0.520662
1 18 0.460977
1 19 0.367193
1 20 0.430116
1 21 0.33541
1 22 0.421636
1 23 0.412624
1 24 0.405846
1 25 0.620233
1 26 0.472016
1 27 0.174037
1 28 0.337444
1 29 0.448769
1 30 0.466376
1 31 0.591844
1 32 0.279415
1 33 0.25
1 34 0.333748
1 35 0.400348
1 36 0.397577
1 37 0.296718
1 38 0.473758
1 39 0.453411
1 40 0.476656
1 41 0.3
1 42 0.421636
1 43 0.437453
1 44 0.424264
1 45 0.200691
1 46 0.434608
1 47 0.333748
1 48 0.417005
1 49 0.370062
1 50 0.36705
1 51 0.455027
1 52 0.554057
1 53 0.578525
1 54 0.403483
1 55 0.542089
1 56 0.233927
1 57 0.424901
2 0 0.428531
2 1 0.320587
2 3 0.563932
2 4 0.477293
2 5 0.286719
2 6 0.333716
2 7 0.467889
2 8 0.527044
2 9 0.246111
2 10 0.194394
2 11 0.4667
2 12 0.137406
2 13 0.550253
2 14 0.0687516
2 15 0.464878
2 16 0.509902
2 17 0.497183
2 18 0.454912
2 19 0.141613
2 20 0.405518
2 21 0.01667
2 22 0.570088
2 23 0.134338
2 24 0.300431
2 25 0.684113
2 26 0.471438
2 27 0.233927
2 28 0.44469
2 29 0.305988
2 30 0.413679
2 31 0.650854
2 32 0.555048
2 33 0.08333
2 34 0.142369
2 35 0.203472
2 36 0.370093
2 37 0.33703
2 38 0.457652
2 39 0.217339
2 40 0.44469
2 41 0.602307
2 42 0.690004
2 43 0.4833
2 44 0.450309
2 45 0.33541
2 46 0.236852
2 47 0.142369
2 48 0.213468
2 49 0.45491
2 50 0.157208
2 51 0.217125
2 52 0.671887
2 53 0.59181
2 54 0.467889
2 55 0.542595
2 56 0.142369
2 57 0.347978
3 0 0.306384
3 1 0.39613
3 2 0.563932
3 4 0.106674
3 5 0.460977
3 6 0.260344
3 7 0.226675
3 8 0.0372395
3 9 0.43616
3 10 0.463327
3 11 0.195052
3 12 0.700929
3 13 0.200696
3 14 0.507657
3 15 0.31135
3 16 0.0897373
3 17 0.304138
3 18 0.263513
3 19 0.495218
3 20 0.283318
3 21 0.569569
3 22 0.0372797
3 23 0.695957
3 24 0.377857
3 25 0.263526
3 26 0.258719
3 27 0.552268
3 28 0.130169
3 29 0.426831
3 30 0.324126
3 31 0.246099
3 32 0.217268
3 33 0.542595
3 34 0.46308
3 35 0.473704
3 36 0.286703
3 37 0.240368
3 38 0.279377
3 39 0.768296
3 40 0.300459
3 41 0.554003
3 42 0.233927
3 43 0.190026
3 44 0.216654
3 45 0.235669
3 46 0.483331
3 47 0.46308
3 48 0.484433
3 49 0.143355
3 50 0.480742
3 51 0.534627
3 52 0.16672
3 53 0.287708
3 54 0.164121
3 55 0.28333
3 56 0.421636
3 57 0.346808
4 0 0.206155
4 1 0.365935
4 2 0.477293
4 3 0.106674
4 5 0.354385
4 6 0.157293
4 7 0.13334
4 8 0.0745147
4 9 0.330826
4 10 0.360555
4 11 0.1
4 12 0.614638
4 13 0.143355
4 14 0.416668
4 15 0.217313
4 16 0.0333
4 17 0.217305
4 18 0.167505
4 19 0.395836
4 20 0.179521
4 21 0.481062
4 22 0.0971539
4 23 0.611238
4 24 0.271359
4 25 0.254352
4 26 0.16667
4 27 0.50145
4 28 0.0334
4 29 0.320156
4 30 0.22215
4 31 0.226668
4 32 0.271307
4 33 0.466998
4 34 0.365589
4 35 0.370062
4 36 0.180278
4 37 0.142462
4 38 0.184099
4 39 0.688463
4 40 0.20277
4 41 0.577847
4 42 0.327433
4 43 0.101368
4 44 0.117859
4 45 0.174037
4 46 0.377909
4 47 0.365589
4 48 0.380063
4 49 0.0372887
4 50 0.380485
4 51 0.429893
4 52 0.200694
4 53 0.231507
4 54 0.06667
4 55 0.210797
4 56 0.337128
4 57 0.240407
5 0 0.195142
5 1 0.457645
5 2 0.286719
5 3 0.460977
5 4 0.354385
5 6 0.20883
5 7 0.268798
5 8 0.426893
5 9 0.0526836
5 10 0.0942361
5 11 0.2868
5 12 0.390093
5 13 0.350427
5 14 0.224178
5 15 0.222394
5 16 0.37715
5 17 0.254951
5 18 0.238661
5 19 0.145106
5 20 0.194394
5 21 0.277361
5 22 0.44786
5 23 0.3961
5 24 0.083336
5 25 0.469337
5 26 0.25392
5 27 0.471699
5 28 0.333336
5 29 0.0373289
5 30 0.174109
5 31 0.437511
5 32 0.563983
5 33 0.341949
5 34 0.153662
5 35 0.08328
5 36 0.177221
5 37 0.238633
5 38 0.23217
5 39 0.485911
5 40 0.21082
5 41 0.754612
5 42 0.663757
5 43 0.300464
5 44 0.263551
5 45 0.323618
5 46 0.0527057
5 47 0.153662
5 48 0.0744745
5 49 0.318436
5 50 0.130169
5 51 0.100111
5 52 0.500335
5 53 0.356293
5 54 0.307369
5 55 0.307319
5 56 0.238633
5 57 0.120187
6 0 0.143405
6 1 0.323592
6 2 0.333716
6 3 0.260344
6 4 0.157293
6 5 0.20883
6 7 0.142462
6 8 0.224252
6 9 0.177123
6 10 0.203384
6 11 0.134436
6 12 0.469271
6 13 0.219248
6 14 0.268675
6 15 0.177189
6 16 0.186372
6 17 0.200691
6 18 0.143397
6 19 0.239377
6 20 0.106737
6 21 0.334962
6 22 0.254438
6 23 0.467789
6 24 0.126923
6 25 0.353553
6 26 0.157288
6 27 0.411638
6 28 0.130175
6 29 0.179475
6 30 0.143648
6 31 0.320623
6 32 0.359799
6 33 0.339903
6 34 0.210816
6 35 0.213383
6 36 0.0745595
6 37 0.03334
6 38 0.153684
6 39 0.55
6 40 0.153654
6 41 0.595579
6 42 0.454927
6 43 0.150922
6 44 0.121366
6 45 0.137435
6 46 0.224222
6 47 0.210816
6 48 0.224178
6 49 0.12696
6 50 0.223607
6 51 0.274523
6 52 0.340001
6 53 0.27588
6 54 0.134438
6 55 0.231537
6 56 0.20276
6 57 0.11666
7 0 0.083328
7 1 0.44786
7 2 0.467889
7 3 0.226675
7 4 0.13334
7 5 0.268798
7 6 0.142462
7 8 0.202753
7 9 0.263522
7 10 0.307317
7 11 0.03334
7 12 0.6
7 13 0.0849516
7 14 0.400347
7 15 0.0849869
7 16 0.137435
7 17 0.0849673
7 18 0.0372797
7 19 0.354783
7 20 0.0745639
7 21 0.466998
7 22 0.201376
7 23 0.600232
7 24 0.195139
7 25 0.2166
7 26 0.03333
7 27 0.552076
7 28 0.13746
7 29 0.231537
7 30 0.103714
7 31 0.1833
7 32 0.403113
7 33 0.481062
7 34 0.333816
7 35 0.311358
7 36 0.101378
7 37 0.157293
7 38 0.0527152
7 39 0.685227
7 40 0.0745595
7 41 0.693239
7 42 0.457645
7 43 0.037244
7 44 0.0235962
7 45 0.247795
7 46 0.306472
7 47 0.333816
7 48 0.316228
7 49 0.101385
7 50 0.337128
7 51 0.360851
7 52 0.231542
7 53 0.13431
7 54 0.06667
7 55 0.0942291
7 56 0.343658
7 57 0.149128
8 0 0.279368
8 1 0.368933
8 2 0.527044
8 3 0.0372395
8 4 0.0745147
8 5 0.426893
8 6 0.224252
8 7 0.202753
8 9 0.400668
8 10 0.426845
8 11 0.169954
8 12 0.66413
8 13 0.190026
8 14 0.470488
8 15 0.287708
8 16 0.06666
8 17 0.283822
8 18 0.238627
8 19 0.458187
8 20 0.253856
8 21 0.53255
8 22 0.0527025
8 23 0.659302
8 24 0.343608
8 25 0.271291
8 26 0.235694
8 27 0.520983
8 28 0.0942998
8 29 0.393322
8 30 0.296031
8 31 0.25
8 32 0.216654
8 33 0.506896
8 34 0.425923
8 35 0.437453
8 36 0.254382
8 37 0.203466
8 38 0.254951
8 39 0.732229
8 40 0.274875
8 41 0.544163
8 42 0.254951
8 43 0.167495
8 44 0.190026
8 45 0.200693
8 46 0.447853
8 47 0.425923
8 48 0.448429
8 49 0.111803
8 50 0.443812
8 51 0.498745
8 52 0.186367
8 53 0.279368
8 54 0.137426
8 55 0.268731
8 56 0.38481
8 57 0.314478
9 0 0.200694
9 1 0.405523
9 2 0.246111
9 3 0.43616
9 4 0.330826
9 5 0.0526836
9 6 0.177123
9 7 0.263522
9 8 0.400668
9 10 0.0527057
9 11 0.275884
9 12 0.359783
9 13 0.347978
9 14 0.180278
9 15 0.2333
9 16 0.356658
9 17 0.2666
9 18 0.238598
9 19 0.107092
9 20 0.189997
9 21 0.238661
9 22 0.426851
9 23 0.364005
9 24 0.0686546
9 25 0.473983
9 26 0.254951
9 27 0.420685
9 28 0.306368
9 29 0.0600907
9 30 0.181777
9 31 0.44124
9 32 0.523075
9 33 0.294888
9 34 0.106773
9 35 0.05
9 36 0.164149
9 37 0.203407
9 38 0.235669
9 39 0.453445
9 40 0.217241
9 41 0.703171
9 42 0.628912
9 43 0.291011
9 44 0.253828
9 45 0.279377
9 46 0.0471853
9 47 0.106773
9 48 0.0527057
9 49 0.296713
9 50 0.0898134
9 51 0.0997489
9 52 0.492443
9 53 0.366979
9 54 0.291548
9 55 0.317039
9 56 0.186372
9 57 0.117786
10 0 0.25
10 1 0.383694
10 2 0.194394
10 3 0.463327
10 4 0.360555
10 5 0.0942361
10 6 0.203384
10 7 0.307317
10 8 0.426845
10 9 0.0527057
10 11 0.316228
10 12 0.307317
10 13 0.392253
10 14 0.130169
10 15 0.28379
10 16 0.388702
10 17 0.317039
10 18 0.285254
10 19 0.0543883
10 20 0.235669
10 21 0.186367
10 22 0.457623
10 23 0.311358
10 24 0.1166
10 25 0.520883
10 26 0.301846
10 27 0.380453
10 28 0.33328
10 29 0.111803
10 30 0.23198
10 31 0.487875
10 32 0.529407
10 33 0.247788
10 34 0.0601295
10 35 0.01667
10 36 0.206155
10 37 0.224178
10 38 0.283789
10 39 0.400756
10 40 0.2666
10 41 0.683534
10 42 0.643317
10 43 0.332017
10 44 0.295301
10 45 0.283318
10 46 0.0526836
10 47 0.0601295
10 48 0.03334
10 49 0.328686
10 50 0.0373245
10 51 0.0788168
10 52 0.53255
10 53 0.4166
10 54 0.328294
10 55 0.3666
10 56 0.153674
10 57 0.1666
11 0 0.111803
11 1 0.424941
11 2 0.4667
11 3 0.195052
11 4 0.1
11 5 0.2868
11 6 0.134436
11 7 0.03334
11 8 0.169954
11 9 0.275884
11 10 0.316228
11 12 0.600926
11 13 0.0849516
11 14 0.400347
11 15 0.117859
11 16 0.105399
11 17 0.117845
11 18 0.0687298
11 19 0.360891
11 20 0.0943068
11 21 0.466998
11 22 0.171578
11 23 0.600232
11 24 0.208891
11 25 0.219151
11 26 0.06667
11 27 0.536767
11 28 0.10543
11 29 0.25
11 30 0.130662
11 31 0.186307
11 32 0.370053
11 33 0.474081
11 34 0.337128
11 35 0.321888
11 36 0.111803
11 37 0.142462
11 38 0.0849967
11 39 0.683603
11 40 0.10543
11 41 0.663757
11 42 0.424905
11 43 0.0166
11 44 0.0235962
11 45 0.224252
11 46 0.320649
11 47 0.337128
11 48 0.328298
11 49 0.0687201
11 50 0.343658
11 51 0.374873
11 52 0.216665
11 53 0.153608
11 54 0.03333
11 55 0.120148
11 56 0.337128
11 57 0.16672
12 0 0.554025
12 1 0.424899
12 2 0.137406
12 3 0.700929
12 4 0.614638
12 5 0.390093
12 6 0.469271
12 7 0.6
12 8 0.66413
12 9 0.359783
12 10 0.307317
12 11 0.600926
12 13 0.683503
12 14 0.200694
12 15 0.589222
12 16 0.647185
12 17 0.622205
12 18 0.584251
12 19 0.25336
12 20 0.534341
12 21 0.134338
12 22 0.707469
12 23 0.01667
12 24 0.421899
12 25 0.8166
12 26 0.600925
12 27 0.291047
12 28 0.582078
12 29 0.416665
12 30 0.537398
12 31 0.7833
12 32 0.680074
12 33 0.177146
12 34 0.26712
12 35 0.311358
12 36 0.500277
12 37 0.473984
12 38 0.585439
12 39 0.0972397
12 40 0.570508
12 41 0.678632
12 42 0.818168
12 43 0.617501
12 44 0.583538
12 45 0.470492
12 46 0.337409
12 47 0.26712
12 48 0.316228
12 49 0.59181
12 50 0.271248
12 51 0.300222
12 52 0.808463
12 53 0.719694
12 54 0.603693
12 55 0.669925
12 56 0.279323
12 57 0.471338
13 0 0.157203
13 1 0.5
13 2 0.550253
13 3 0.200696
13 4 0.143355
13 5 0.350427
13 6 0.219248
13 7 0.0849516
13 8 0.190026
13 9 0.347978
13 10 0.392253
13 11 0.0849516
13 12 0.683503
13 14 0.4833
13 15 0.141421
13 16 0.126933
13 17 0.120204
13 18 0.111803
13 19 0.439614
13 20 0.158114
13 21 0.55
13 22 0.16667
13 23 0.6833
13 24 0.279415
13 25 0.134338
13 26 0.0971539
13 27 0.619394
13 28 0.165018
13 29 0.313107
13 30 0.178758
13 31 0.10138
13 32 0.405846
13 33 0.559017
13 34 0.418031
13 35 0.39613
13 36 0.186306
13 37 0.226724
13 38 0.120187
13 39 0.767424
13 40 0.143397
13 41 0.72111
13 42 0.43333
13 43 0.0687516
13 44 0.1
13 45 0.300464
13 46 0.390187
13 47 0.418031
13 48 0.400663
13 49 0.130169
13 50 0.422
13 51 0.444497
13 52 0.153684
13 53 0.0897373
13 54 0.0971539
13 55 0.0849869
13 56 0.422
13 57 0.23217
14 0 0.359783
14 1 0.31135
14 2 0.0687516
14 3 0.507657
14 4 0.416668
14 5 0.224178
14 6 0.268675
14 7 0.400347
14 8 0.470488
14 9 0.180278
14 10 0.130169
14 11 0.400347
14 12 0.200694
14 13 0.4833
14 15 0.39613
14 16 0.448732
14 17 0.428434
14 18 0.386547
14 19 0.0816012
14 20 0.33703
14 21 0.0667
14 22 0.511232
14 23 0.2
14 24 0.232076
14 25 0.616825
14 26 0.403113
14 27 0.263544
14 28 0.384717
14 29 0.240368
14 30 0.344959
14 31 0.583538
14 32 0.519078
14 33 0.120204
14 34 0.0744745
14 35 0.141421
14 36 0.301846
14 37 0.27481
14 38 0.389055
14 39 0.285353
14 40 0.375951
14 41 0.605755
14 42 0.649118
14 43 0.416933
14 44 0.3833
14 45 0.286719
14 46 0.177123
14 47 0.0744745
14 48 0.153662
14 49 0.392253
14 50 0.0942361
14 51 0.168445
14 52 0.608276
14 53 0.523278
14 54 0.403113
14 55 0.473983
14 56 0.0942361
14 57 0.27932
15 0 0.0372395
15 1 0.5
15 2 0.464878
15 3 0.31135
15 4 0.217313
15 5 0.222394
15 6 0.177189
15 7 0.0849869
15 8 0.287708
15 9 0.2333
15 10 0.28379
15 11 0.117859
15 12 0.589222
15 13 0.141421
15 14 0.39613
15 16 0.222364
15 17 0.0333
15 18 0.05
15 19 0.336468
15 20 0.0707107
15 21 0.460977
15 22 0.284803
15 23 0.59181
15 24 0.167531
15 25 0.247735
15 26 0.0527152
15 27 0.58336
15 28 0.217313
15 29 0.186306
15 30 0.0518694
15 31 0.216665
15 32 0.484476
15 33 0.492443
15 34 0.323641
15 35 0.2833
15 36 0.106695
15 37 0.203464
15 38 0.03333
15 39 0.679901
15 40 0.0235962
15 41 0.761577
15 42 0.542624
15 43 0.121329
15 44 0.1
15 45 0.305962
15 46 0.268775
15 47 0.323641
15 48 0.28379
15 49 0.18333
15 50 0.318449
15 51 0.321393
15 52 0.294888
15 53 0.134338
15 54 0.150927
15 55 0.0849516
15 56 0.35788
15 57 0.117885
16 0 0.216654
16 1 0.395107
16 2 0.509902
16 3 0.0897373
16 4 0.0333
16 5 0.37715
16 6 0.186372
16 7 0.137435
16 8 0.06666
16 9 0.356658
16 10 0.388702
16 11 0.105399
16 12 0.647185
16 13 0.126933
16 14 0.448732
16 15 0.222364
16 17 0.217313
16 18 0.174008
16 19 0.425674
16 20 0.194368
16 21 0.513431
16 22 0.0707107
16 23 0.643957
16 24 0.294888
16 25 0.226668
16 26 0.169964
16 27 0.533625
16 28 0.0667
16 29 0.341949
16 30 0.234538
16 31 0.200698
16 32 0.279368
16 33 0.500278
16 34 0.396193
16 35 0.397536
16 36 0.200671
16 37 0.174037
16 38 0.190036
16 39 0.721529
16 40 0.210829
16 41 0.596748
16 42 0.320583
16 43 0.101385
16 44 0.126933
16 45 0.206155
16 46 0.403483
16 47 0.396193
16 48 0.406862
16 49 0.0600962
16 50 0.409979
16 51 0.456203
16 52 0.167531
16 53 0.216654
16 54 0.0745237
16 55 0.202753
16 56 0.370093
16 57 0.260363
17 0 0.0686546
17 1 0.520662
17 2 0.497183
17 3 0.304138
17 4 0.217305
17 5 0.254951
17 6 0.200691
17 7 0.0849673
17 8 0.283822
17 9 0.2666
17 10 0.317039
17 11 0.117845
17 12 0.622205
17 13 0.120204
17 14 0.428434
17 15 0.0333
17 16 0.217313
17 18 0.060074
17 19 0.369609
17 20 0.0971539
17 21 0.493537
17 22 0.274885
17 23 0.624656
17 24 0.200694
17 25 0.216665
17 26 0.0526836
17 27 0.610328
17 28 0.222364
17 29 0.219149
17 30 0.085064
17 31 0.186367
17 32 0.487897
17 33 0.523048
17 34 0.356293
17 35 0.3166
17 36 0.134315
17 37 0.22423
17 38 0.0471145
17 39 0.712585
17 40 0.0527057
17 41 0.775299
17 42 0.537485
17 43 0.11667
17 44 0.105399
17 45 0.323592
17 46 0.301846
17 47 0.356293
17 48 0.317039
17 49 0.18633
17 50 0.351583
17 51 0.354252
17 52 0.271359
17 53 0.10138
17 54 0.150916
17 55 0.0527057
17 56 0.387658
17 57 0.150923
18 0 0.0471145
18 1 0.460977
18 2 0.454912
18 3 0.263513
18 4 0.167505
18 5 0.238661
18 6 0.143397
18 7 0.0372797
18 8 0.238627
18 9 0.238598
18 10 0.285254
18 11 0.0687298
18 12 0.584251
18 13 0.111803
18 14 0.386547
18 15 0.05
18 16 0.174008
18 17 0.060074
18 19 0.335061
18 20 0.05
18 21 0.452769
18 22 0.238633
18 23 0.585439
18 24 0.169999
18 25 0.235669
18 26 0.0167
18 27 0.554805
18 28 0.167505
18 29 0.201352
18 30 0.0682821
18 31 0.202758
18 32 0.434608
18 33 0.474342
18 34 0.317138
18 35 0.287678
18 36 0.0849516
18 37 0.165018
18 38 0.01667
18 39 0.671887
18 40 0.0372797
18 41 0.715891
18 42 0.493566
18 43 0.0745237
18 44 0.05
18 45 0.263526
18 46 0.279415
18 47 0.317138
18 48 0.291039
18 49 0.13333
18 50 0.317138
18 51 0.333564
18 52 0.263551
18 53 0.137404
18 54 0.101385
18 55 0.0897206
18 56 0.337507
18 57 0.121366
19 0 0.301924
19 1 0.367193
19 2 0.141613
19 3 0.495218
19 4 0.395836
19 5 0.145106
19 6 0.239377
19 7 0.354783
19 8 0.458187
19 9 0.107092
19 10 0.0543883
19 11 0.360891
19 12 0.25336
19 13 0.439614
19 14 0.0816012
19 15 0.336468
19 16 0.425674
19 17 0.369609
19 18 0.335061
19 20 0.285124
19 21 0.132631
19 22 0.492839
19 23 0.257097
19 24 0.168938
19 25 0.570099
19 26 0.351744
19 27 0.342046
19 28 0.366508
19 29 0.16588
19 30 0.284599
19 31 0.53693
19 32 0.54068
19 33 0.201745
19 34 0.036907
19 35 0.061877
19 36 0.253456
19 37 0.254963
19 38 0.334702
19 39 0.346412
19 40 0.318497
19 41 0.666454
19 42 0.661699
19 43 0.377073
19 44 0.341058
19 45 0.296716
19 46 0.0960111
19 47 0.036907
19 48 0.0724929
19 49 0.366319
19 50 0.0180348
19 51 0.0909686
19 52 0.575716
19 53 0.468338
19 54 0.36991
19 55 0.418378
19 56 0.13344
19 57 0.218724
20 0 0.0372797
20 1 0.430116
20 2 0.405518
20 3 0.283318
20 4 0.179521
20 5 0.194394
20 6 0.106737
20 7 0.0745639
20 8 0.253856
20 9 0.189997
20 10 0.235669
20 11 0.0943068
20 12 0.534341
20 13 0.158114
20 14 0.33703
20 15 0.0707107
20 16 0.194368
20 17 0.0971539
20 18 0.05
20 19 0.285124
20 21 0.403113
20 22 0.263526
20 23 0.535639
20 24 0.121366
20 25 0.285254
20 26 0.0667
20 27 0.513458
20 28 0.169964
20 29 0.157203
20 30 0.0447486
20 31 0.252212
20 32 0.433652
20 33 0.4272
20 34 0.26722
20 35 0.238598
20 36 0.0372395
20 37 0.13439
20 38 0.0527057
20 39 0.622304
20 40 0.0471145
20 41 0.696419
20 42 0.506071
20 43 0.106695
20 44 0.0707107
20 45 0.238633
20 46 0.23217
20 47 0.26722
20 48 0.242639
20 49 0.142397
20 50 0.26722
20 51 0.286523
20 52 0.305988
20 53 0.186306
20 54 0.120204
20 55 0.137404
20 56 0.291103
20 57 0.0745639
21 0 0.42495
21 1 0.33541
21 2 0.01667
21 3 0.569569
21 4 0.481062
21 5 0.277361
21 6 0.334962
21 7 0.466998
21 8 0.53255
21 9 0.238661
21 10 0.186367
21 11 0.466998
21 12 0.134338
21 13 0.55
21 14 0.0667
21 15 0.460977
21 16 0.513431
21 17 0.493537
21 18 0.452769
21 19 0.132631
21 20 0.403113
21 22 0.574699
21 23 0.1333
21 24 0.295301
21 25 0.683503
21 26 0.469371
21 27 0.250557
21 28 0.448732
21 29 0.298171
21 30 0.409505
21 31 0.650214
21 32 0.566199
21 33 0.1
21 34 0.137404
21 35 0.194394
21 36 0.368212
21 37 0.339903
21 38 0.454912
21 39 0.219248
21 40 0.44124
21 41 0.618466
21 42 0.700196
21 43 0.483587
21 44 0.45
21 45 0.343189
21 46 0.226662
21 47 0.137404
21 48 0.203472
21 49 0.45765
21 50 0.149043
21 51 0.204223
21 52 0.674158
21 53 0.589222
21 54 0.469371
21 55 0.539771
21 56 0.149043
21 57 0.343559
22 0 0.283318
22 1 0.421636
22 2 0.570088
22 3 0.0372797
22 4 0.0971539
22 5 0.44786
22 6 0.254438
22 7 0.201376
22 8 0.0527025
22 9 0.426851
22 10 0.457623
22 11 0.171578
22 12 0.707469
22 13 0.16667
22 14 0.511232
22 15 0.284803
22 16 0.0707107
22 17 0.274885
22 18 0.238633
22 19 0.492839
22 20 0.263526
22 21 0.574699
22 23 0.703333
22 24 0.365553
22 25 0.226677
22 26 0.232131
22 27 0.572794
22 28 0.12696
22 29 0.412624
22 30 0.302171
22 31 0.208839
22 32 0.254382
22 33 0.554026
22 34 0.462211
22 35 0.466939
22 36 0.271291
22 37 0.238661
22 38 0.253865
22 39 0.778208
22 40 0.275897
22 41 0.589724
22 42 0.26666
22 43 0.164161
22 44 0.194368
22 45 0.25
22 46 0.473781
22 47 0.462211
22 48 0.476655
22 49 0.130175
22 50 0.477584
22 51 0.526242
22 52 0.134402
22 53 0.252208
22 54 0.143355
22 55 0.250557
22 56 0.428531
22 57 0.330846
23 0 0.556277
23 1 0.412624
23 2 0.134338
23 3 0.695957
23 4 0.611238
23 5 0.3961
23 6 0.467789
23 7 0.600232
23 8 0.659302
23 9 0.364005
23 10 0.311358
23 11 0.600232
23 12 0.01667
23 13 0.6833
23 14 0.2
23 15 0.59181
23 16 0.643957
23 17 0.624656
23 18 0.585439
23 19 0.257097
23 20 0.535639
23 21 0.1333
23 22 0.703333
23 24 0.424852
23 25 0.81677
23 26 0.60208
23 27 0.275854
23 28 0.578487
23 29 0.421636
23 30 0.540071
23 31 0.783477
23 32 0.670404
23 33 0.16664
23 34 0.268675
23 35 0.316228
23 36 0.50111
23 37 0.471339
23 38 0.587098
23 39 0.0898134
23 40 0.572695
23 41 0.66352
23 42 0.809119
23 43 0.616825
23 44 0.5833
23 45 0.46425
23 46 0.343529
23 47 0.268675
23 48 0.321888
23 49 0.589222
23 50 0.27481
23 51 0.308243
23 52 0.806226
23 53 0.721429
23 54 0.60208
23 55 0.671788
23 56 0.27481
23 57 0.473983
24 0 0.1334
24 1 0.405846
24 2 0.300431
24 3 0.377857
24 4 0.271359
24 5 0.083336
24 6 0.126923
24 7 0.195139
24 8 0.343608
24 9 0.0686546
24 10 0.1166
24 11 0.208891
24 12 0.421899
24 13 0.279415
24 14 0.232076
24 15 0.167531
24 16 0.294888
24 17 0.200694
24 18 0.169999
24 19 0.168938
24 20 0.121366
24 21 0.295301
24 22 0.365553
24 23 0.424852
24 25 0.405516
24 26 0.186404
24 27 0.448452
24 28 0.25
24 29 0.0526836
24 30 0.115662
24 31 0.37271
24 32 0.485353
24 33 0.337444
24 34 0.158114
24 35 0.117786
24 36 0.0972397
24 37 0.158114
24 38 0.16753
24 39 0.513429
24 40 0.15
24 41 0.69621
24 42 0.581435
24 43 0.223607
24 44 0.186367
24 45 0.250557
24 46 0.111803
24 47 0.158114
24 48 0.121273
24 49 0.235721
24 50 0.150922
24 51 0.166122
24 52 0.424977
24 53 0.3
24 54 0.226743
24 55 0.25
24 56 0.212132
24 57 0.05
25 0 0.274807
25 1 0.620233
25 2 0.684113
25 3 0.263526
25 4 0.254352
25 5 0.469337
25 6 0.353553
25 7 0.2166
25 8 0.271291
25 9 0.473983
25 10 0.520883
25 11 0.219151
25 12 0.8166
25 13 0.134338
25 14 0.616825
25 15 0.247735
25 16 0.226668
25 17 0.216665
25 18 0.235669
25 19 0.570099
25 20 0.285254
25 21 0.683503
25 22 0.226677
25 23 0.81677
25 24 0.405516
25 26 0.219149
25 27 0.749075
25 28 0.283336
25 29 0.432626
25 30 0.295398
25 31 0.0333
25 32 0.480703
25 33 0.693189
25 34 0.550252
25 35 0.523278
25 36 0.317038
25 37 0.359785
25 38 0.238598
25 40 0.258735
25 41 0.815286
25 42 0.469328
25 43 0.20276
25 44 0.233895
25 45 0.424891
25 46 0.513429
25 47 0.550252
25 48 0.52619
25 49 0.253828
25 50 0.552268
25 51 0.567061
25 52 0.117845
25 53 0.120181
25 54 0.226628
25 55 0.164145
25 56 0.556278
25 57 0.356291
26 0 0.0600907
26 1 0.472016
26 2 0.471438
26 3 0.258719
26 4 0.16667
26 5 0.25392
26 6 0.157288
26 7 0.03333
26 8 0.235694
26 9 0.254951
26 10 0.301846
26 11 0.06667
26 12 0.600925
26 13 0.0971539
26 14 0.403113
26 15 0.0527152
26 16 0.169964
26 17 0.0526836
26 18 0.0167
26 19 0.351744
26 20 0.0667
26 21 0.469371
26 22 0.232131
26 23 0.60208
26 24 0.186404
26 25 0.219149
26 27 0.568925
26 28 0.169984
26 29 0.216665
26 30 0.081638
26 31 0.186306
26 32 0.436205
26 33 0.490213
26 34 0.333816
26 35 0.304138
26 36 0.10138
26 37 0.177221
26 38 0.0235962
26 39 0.688462
26 40 0.0471853
26 41 0.723048
26 42 0.490456
26 43 0.0687055
26 44 0.0527152
26 45 0.273377
26 46 0.295397
26 47 0.333816
26 48 0.307319
26 49 0.134372
26 50 0.333816
26 51 0.349459
26 52 0.25
26 53 0.12127
26 54 0.1
26 55 0.0744745
26 56 0.353224
26 57 0.137501
27 0 0.546758
27 1 0.174037
27 2 0.233927
27 3 0.552268
27 4 0.50145
27 5 0.471699
27 6 0.411638
27 7 0.552076
27 8 0.520983
27 9 0.420685
27 10 0.380453
27 11 0.536767
27 12 0.291047
27 13 0.619394
27 14 0.263544
27 15 0.58336
27 16 0.533625
27 17 0.610328
27 18 0.554805
27 19 0.342046
27 20 0.513458
27 21 0.250557
27 22 0.572794
27 23 0.275854
27 24 0.448452
27 25 0.749075
27 26 0.568925
27 28 0.469337
27 29 0.476715
27 30 0.539574
27 31 0.718054
27 32 0.453445
27 33 0.150927
27 34 0.320587
27 35 0.39514
27 36 0.47673
27 37 0.395107
27 38 0.563994
27 39 0.294866
27 40 0.560008
27 41 0.387671
27 42 0.595616
27 43 0.551763
27 44 0.529442
27 45 0.327479
27 46 0.432368
27 47 0.320587
27 48 0.409979
27 49 0.495568
27 50 0.3504
27 51 0.431623
27 52 0.699668
27 53 0.686374
27 54 0.52314
27 55 0.643124
27 56 0.236875
27 57 0.483331
28 0 0.200688
28 1 0.337444
28 2 0.44469
28 3 0.130169
28 4 0.0334
28 5 0.333336
28 6 0.130175
28 7 0.13746
28 8 0.0942998
28 9 0.306368
28 10 0.33328
28 11 0.10543
28 12 0.582078
28 13 0.165018
28 14 0.384717
28 15 0.217313
28 16 0.0667
28 17 0.222364
28 18 0.167505
28 19 0.366508
28 20 0.169964
28 21 0.448732
28 22 0.12696
28 23 0.578487
28 24 0.25
28 25 0.283336
28 26 0.169984
28 27 0.469337
28 29 0.300426
28 30 0.214252
28 31 0.254438
28 32 0.267176
28 33 0.433621
28 34 0.33541
28 35 0.343542
28 36 0.164121
28 37 0.111803
28 38 0.184099
28 39 0.655321
28 40 0.2
28 41 0.560238
28 42 0.33748
28 43 0.111803
28 44 0.117859
28 45 0.142369
28 46 0.353553
28 47 0.33541
28 48 0.354292
28 49 0.0372887
28 50 0.351587
28 51 0.40454
28 52 0.233995
28 53 0.25
28 54 0.0745684
28 55 0.223607
28 56 0.304138
28 57 0.223607
29 0 0.158114
29 1 0.448769
29 2 0.305988
29 3 0.426831
29 4 0.320156
29 5 0.0373289
29 6 0.179475
29 7 0.231537
29 8 0.393322
29 9 0.0600907
29 10 0.111803
29 11 0.25
29 12 0.416665
29 13 0.313107
29 14 0.240368
29 15 0.186306
29 16 0.341949
29 17 0.219149
29 18 0.201352
29 19 0.16588
29 20 0.157203
29 21 0.298171
29 22 0.412624
29 23 0.421636
29 24 0.0526836
29 25 0.432626
29 26 0.216665
29 27 0.476715
29 28 0.300426
29 30 0.137243
29 31 0.40066
29 32 0.537994
29 33 0.354361
29 34 0.16672
29 35 0.105408
29 36 0.141421
29 37 0.210797
29 38 0.195045
29 39 0.511323
29 40 0.173941
29 41 0.742558
29 42 0.633532
29 43 0.263468
29 44 0.226662
29 45 0.301842
29 46 0.0834
29 47 0.16672
29 48 0.101378
29 49 0.283796
29 50 0.149128
29 51 0.135104
29 52 0.46308
29 53 0.320524
29 54 0.271311
29 55 0.271248
29 56 0.240407
29 57 0.08328
30 0 0.0215551
30 1 0.466376
30 2 0.413679
30 3 0.324126
30 4 0.22215
30 5 0.174109
30 6 0.143648
30 7 0.103714
30 8 0.296031
30 9 0.181777
30 10 0.23198
30 11 0.130662
30 12 0.537398
30 13 0.178758
30 14 0.344959
30 15 0.0518694
30 16 0.234538
30 17 0.085064
30 18 0.0682821
30 19 0.284599
30 20 0.0447486
30 21 0.409505
30 22 0.302171
30 23 0.540071
30 24 0.115662
30 25 0.295398
30 26 0.081638
30 27 0.539574
30 28 0.214252
30 29 0.137243
30 31 0.263428
30 32 0.4784
30 33 0.443439
30 34 0.272115
30 35 0.23176
30 36 0.0690914
30 37 0.174025
30 38 0.0587313
30 39 0.628287
30 40 0.0367116
30 41 0.737793
30 42 0.549381
30 43 0.140056
30 44 0.107863
30 45 0.279298
30 46 0.218538
30 47 0.272115
30 48 0.232737
30 49 0.185376
30 50 0.26658
30 51 0.271805
30 52 0.331513
30 53 0.18525
30 54 0.160027
30 55 0.13538
30 56 0.310362
30 57 0.0660889
31 0 0.242636
31 1 0.591844
31 2 0.650854
31 3 0.246099
31 4 0.226668
31 5 0.437511
31 6 0.320623
31 7 0.1833
31 8 0.25
31 9 0.44124
31 10 0.487875
31 11 0.186307
31 12 0.7833
31 13 0.10138
31 14 0.583538
31 15 0.216665
31 16 0.200698
31 17 0.186367
31 18 0.202758
31 19 0.53693
31 20 0.252212
31 21 0.650214
31 22 0.208839
31 23 0.783477
31 24 0.37271
31 25 0.0333
31 26 0.186306
31 27 0.718054
31 28 0.254438
31 29 0.40066
31 30 0.263428
31 32 0.463065
31 33 0.660388
31 34 0.516969
31 35 0.490431
31 36 0.283789
31 37 0.327482
31 38 0.206155
31 39 0.868141
31 40 0.226721
31 41 0.793903
31 42 0.460977
31 43 0.170001
31 44 0.200694
31 45 0.395112
31 46 0.48106
31 47 0.516969
31 48 0.493537
31 49 0.223607
31 50 0.519114
31 51 0.534824
31 52 0.117859
31 53 0.0942998
31 54 0.195048
31 55 0.134397
31 56 0.523378
31 57 0.323639
32 0 0.46666
32 1 0.279415
32 2 0.555048
32 3 0.217268
32 4 0.271307
32 5 0.563983
32 6 0.359799
32 7 0.403113
32 8 0.216654
32 9 0.523075
32 10 0.529407
32 11 0.370053
32 12 0.680074
32 13 0.405846
32 14 0.519078
32 15 0.484476
32 16 0.279368
32 17 0.487897
32 18 0.434608
32 19 0.54068
32 20 0.433652
32 21 0.566199
32 22 0.254382
32 23 0.670404
32 24 0.485353
32 25 0.480703
32 26 0.436205
32 27 0.453445
32 28 0.267176
32 29 0.537994
32 30 0.4784
32 31 0.463065
32 33 0.5039
32 34 0.503906
32 35 0.544158
32 36 0.419649
32 37 0.327459
32 38 0.45123
32 39 0.723668
32 40 0.466955
32 41 0.34362
32 42 0.142369
32 43 0.37266
32 44 0.384774
32 45 0.24609
32 46 0.566933
32 47 0.503906
32 48 0.559017
32 49 0.301842
32 50 0.531804
32 51 0.608123
32 52 0.377857
32 53 0.495507
32 54 0.337059
32 55 0.481006
32 56 0.424958
32 57 0.474054
33 0 0.455246
33 1 0.25
33 2 0.08333
33 3 0.542595
33 4 0.466998
33 5 0.341949
33 6 0.339903
33 7 0.481062
33 8 0.506896
33 9 0.294888
33 10 0.247788
33 11 0.474081
33 12 0.177146
33 13 0.559017
33 14 0.120204
33 15 0.492443
33 16 0.500278
33 17 0.523048
33 18 0.474342
33 19 0.201745
33 20 0.4272
33 21 0.1
33 22 0.554026
33 23 0.16664
33 24 0.337444
33 25 0.693189
33 26 0.490213
33 27 0.150927
33 28 0.433621
33 29 0.354361
33 30 0.443439
33 31 0.660388
33 32 0.5039
33 34 0.188536
33 35 0.260363
33 36 0.390187
33 37 0.334962
33 38 0.479874
33 39 0.226724
33 40 0.470488
33 41 0.522015
33 42 0.643124
33 43 0.490431
33 44 0.460977
33 45 0.307319
33 46 0.296718
33 47 0.188536
33 48 0.273377
33 49 0.450309
33 50 0.213419
33 51 0.287491
33 52 0.6667
33 53 0.611432
33 54 0.469371
33 55 0.563932
33 56 0.137404
33 57 0.380393
34 0 0.287777
34 1 0.333748
34 2 0.142369
34 3 0.46308
34 4 0.365589
34 5 0.153662
34 6 0.210816
34 7 0.333816
34 8 0.425923
34 9 0.106773
34 10 0.0601295
34 11 0.337128
34 12 0.26712
34 13 0.418031
34 14 0.0744745
34 15 0.323641
34 16 0.396193
34 17 0.356293
34 18 0.317138
34 19 0.036907
34 20 0.26722
34 21 0.137404
34 22 0.462211
34 23 0.268675
34 24 0.158114
34 25 0.550252
34 26 0.333816
34 27 0.320587
34 28 0.33541
34 29 0.16672
34 30 0.272115
34 31 0.516969
34 32 0.503906
34 33 0.188536
34 35 0.0745684
34 36 0.2334
34 37 0.223607
34 38 0.31845
34 39 0.356291
34 40 0.304138
34 41 0.63355
34 42 0.625628
34 43 0.353553
34 44 0.318449
34 45 0.260363
34 46 0.111803
34 47 0
34 48 0.0897837
34 49 0.337503
34 50 0.03334
34 51 0.12139
34 52 0.549811
34 53 0.452769
34 54 0.343656
34 55 0.403113
34 56 0.1
34 57 0.206155
35 0 0.250555
35 1 0.400348
35 2 0.203472
35 3 0.473704
35 4 0.370062
35 5 0.08328
35 6 0.213383
35 7 0.311358
35 8 0.437453
35 9 0.05
35 10 0.01667
35 11 0.321888
35 12 0.311358
35 13 0.39613
35 14 0.141421
35 15 0.2833
35 16 0.397536
35 17 0.3166
35 18 0.287678
35 19 0.061877
35 20 0.238598
35 21 0.194394
35 22 0.466939
35 23 0.316228
35 24 0.117786
35 25 0.523278
35 26 0.304138
35 27 0.39514
35 28 0.343542
35 29 0.105408
35 30 0.23176
35 31 0.490431
35 32 0.544158
35 33 0.260363
35 34 0.0745684
35 36 0.21082
35 37 0.235657
35 38 0.285254
35 39 0.405922
35 40 0.267121
35 41 0.700199
35 42 0.65678
35 43 0.337413
35 44 0.300431
35 45 0.29813
35 46 0.037235
35 47 0.0745684
35 48 0.01667
35 49 0.337444
35 50 0.0471853
35 51 0.064108
35 52 0.538516
35 53 0.416933
35 54 0.33541
35 55 0.366979
35 56 0.169984
35 57 0.167432
36 0 0.0707107
36 1 0.397577
36 2 0.370093
36 3 0.286703
36 4 0.180278
36 5 0.177221
36 6 0.0745595
36 7 0.101378
36 8 0.254382
36 9 0.164149
36 10 0.206155
36 11 0.111803
36 12 0.500277
36 13 0.186306
36 14 0.301846
36 15 0.106695
36 16 0.200671
36 17 0.134315
36 18 0.0849516
36 19 0.253456
36 20 0.0372395
36 21 0.368212
36 22 0.271291
36 23 0.50111
36 24 0.0972397
36 25 0.317038
36 26 0.10138
36 27 0.47673
36 28 0.164121
36 29 0.141421
36 30 0.0690914
36 31 0.283789
36 32 0.419649
36 33 0.390187
36 34 0.2334
36 35 0.21082
36 37 0.10543
36 38 0.0897243
36 39 0.587196
36 40 0.08328
36 41 0.669377
36 42 0.501369
36 43 0.126868
36 44 0.0897206
36 45 0.210829
36 46 0.208891
36 47 0.2334
36 48 0.216669
36 49 0.143347
36 50 0.235769
36 51 0.26308
36 52 0.328294
36 53 0.222296
36 54 0.130169
36 55 0.173941
36 56 0.25392
36 57 0.0601295
37 0 0.171626
37 1 0.296718
37 2 0.33703
37 3 0.240368
37 4 0.142462
37 5 0.238633
37 6 0.03334
37 7 0.157293
37 8 0.203466
37 9 0.203407
37 10 0.224178
37 11 0.142462
37 12 0.473984
37 13 0.226724
37 14 0.27481
37 15 0.203464
37 16 0.174037
37 17 0.22423
37 18 0.165018
37 19 0.254963
37 20 0.13439
37 21 0.339903
37 22 0.238661
37 23 0.471339
37 24 0.158114
37 25 0.359785
37 26 0.177221
37 27 0.395107
37 28 0.111803
37 29 0.210797
37 30 0.174025
37 31 0.327482
37 32 0.327459
37 33 0.334962
37 34 0.223607
37 35 0.235657
37 36 0.10543
37 38 0.177196
37 39 0.55101
37 40 0.180278
37 41 0.56395
37 42 0.425909
37 43 0.158114
37 44 0.134402
37 45 0.105399
37 46 0.25
37 47 0.223607
37 48 0.247728
37 49 0.117883
37 50 0.240374
37 51 0.298351
37 52 0.335062
37 53 0.291548
37 54 0.134438
37 55 0.25
37 56 0.2
37 57 0.15
38 0 0.037235
38 1 0.473758
38 2 0.457652
38 3 0.279377
38 4 0.184099
38 5 0.23217
38 6 0.153684
38 7 0.0527152
38 8 0.254951
38 9 0.235669
38 10 0.283789
38 11 0.0849967
38 12 0.585439
38 13 0.120187
38 14 0.389055
38 15 0.03333
38 16 0.190036
38 17 0.0471145
38 18 0.01667
38 19 0.334702
38 20 0.0527057
38 21 0.454912
38 22 0.253865
38 23 0.587098
38 24 0.16753
38 25 0.238598
38 26 0.0235962
38 27 0.563994
38 28 0.184099
38 29 0.195045
38 30 0.0587313
38 31 0.206155
38 32 0.45123
38 33 0.479874
38 34 0.31845
38 35 0.285254
38 36 0.0897243
38 37 0.177196
38 39 0.674158
38 40 0.0235891
38 41 0.73106
38 42 0.509902
38 43 0.0897466
38 44 0.06667
38 45 0.277394
38 46 0.274904
38 47 0.31845
38 48 0.287678
38 49 0.15
38 50 0.3167
38 51 0.328712
38 52 0.273382
38 53 0.134337
38 54 0.117859
38 55 0.0849497
38 56 0.343625
38 57 0.117883
39 0 0.644054
39 1 0.453411
39 2 0.217339
39 3 0.768296
39 4 0.688463
39 5 0.485911
39 6 0.55
39 7 0.685227
39 8 0.732229
39 9 0.453445
39 10 0.400756
39 11 0.683603
39 12 0.0972397
39 13 0.767424
39 14 0.285353
39 15 0.679901
39 16 0.721529
39 17 0.712585
39 18 0.671887
39 19 0.346412
39 20 0.622304
39 21 0.219248
39 22 0.778208
39 23 0.0898134
39 24 0.513429
39 26 0.688462
39 27 0.294866
39 28 0.655321
39 29 0.511323
39 30 0.628287
39 31 0.868141
39 32 0.723668
39 33 0.226724
39 34 0.356291
39 35 0.405922
39 36 0.587196
39 37 0.55101
39 38 0.674158
39 40 0.660386
39 41 0.674969
39 42 0.864771
39 43 0.700198
39 44 0.667533
39 45 0.533628
39 46 0.433331
39 47 0.356291
39 48 0.411698
39 49 0.668572
39 50 0.364005
39 51 0.39732
39 52 0.885912
39 53 0.808461
39 54 0.683603
39 55 0.759019
39 56 0.351584
39 57 0.562236
40 0 0.0166
40 1 0.476656
40 2 0.44469
40 3 0.300459
40 4 0.20277
40 5 0.21082
40 6 0.153654
40 7 0.0745595
40 8 0.274875
40 9 0.217241
40 10 0.2666
40 11 0.10543
40 12 0.570508
40 13 0.143397
40 14 0.375951
40 15 0.0235962
40 16 0.210829
40 17 0.0527057
40 18 0.0372797
40 19 0.318497
40 20 0.0471145
40 21 0.44124
40 22 0.275897
40 23 0.572695
40 24 0.15
40 25 0.258735
40 26 0.0471853
40 27 0.560008
40 28 0.2
40 29 0.173941
40 30 0.0367116
40 31 0.226721
40 32 0.466955
40 33 0.470488
40 34 0.304138
40 35 0.267121
40 36 0.08328
40 37 0.180278
40 38 0.0235891
40 39 0.660386
40 41 0.739729
40 42 0.529676
40 43 0.111803
40 44 0.0849869
40 45 0.283318
40 46 0.254951
40 47 0.304138
40 48 0.268677
40 49 0.167495
40 50 0.300462
40 51 0.308377
40 52 0.296792
40 53 0.15
40 54 0.13745
40 55 0.1
40 56 0.33541
40 57 0.1
41 0 0.733532
41 1 0.3
41 2 0.602307
41 3 0.554003
41 4 0.577847
41 5 0.754612
41 6 0.595579
41 7 0.693239
41 8 0.544163
41 9 0.703171
41 10 0.683534
41 11 0.663757
41 12 0.678632
41 13 0.72111
41 14 0.605755
41 15 0.761577
41 16 0.596748
41 17 0.775299
41 18 0.715891
41 19 0.666454
41 20 0.696419
41 21 0.618466
41 22 0.589724
41 23 0.66352
41 24 0.69621
41 25 0.815286
41 26 0.723048
41 27 0.387671
41 28 0.560238
41 29 0.742558
41 30 0.737793
41 31 0.793903
41 32 0.34362
41 33 0.522015
41 34 0.63355
41 35 0.700199
41 36 0.669377
41 37 0.56395
41 38 0.73106
41 39 0.674969
41 40 0.739729
41 42 0.433335
41 43 0.671835
41 44 0.67082
41 45 0.458557
41 46 0.734086
41 47 0.63355
41 48 0.716865
41 49 0.597451
41 50 0.666879
41 51 0.754905
41 52 0.719012
41 53 0.809128
41 54 0.634664
41 55 0.783491
41 56 0.533591
41 57 0.707488
42 0 0.533579
42 1 0.421636
42 2 0.690004
42 3 0.233927
42 4 0.327433
42 5 0.663757
42 6 0.454927
42 7 0.457645
42 8 0.254951
42 9 0.628912
42 10 0.643317
42 11 0.424905
42 12 0.818168
42 13 0.43333
42 14 0.649118
42 15 0.542624
42 16 0.320583
42 17 0.537485
42 18 0.493566
42 19 0.661699
42 20 0.506071
42 21 0.700196
42 22 0.26666
42 23 0.809119
42 24 0.581435
42 25 0.469328
42 26 0.490456
42 27 0.595616
42 28 0.33748
42 29 0.633532
42 30 0.549381
42 31 0.460977
42 32 0.142369
42 33 0.643124
42 34 0.625628
42 35 0.65678
42 36 0.501369
42 37 0.425909
42 38 0.509902
42 39 0.864771
42 40 0.529676
42 41 0.433335
42 43 0.421965
42 44 0.444719
42 45 0.365524
42 46 0.674961
42 47 0.625628
42 48 0.670387
42 49 0.364005
42 50 0.650875
42 51 0.720723
42 52 0.353168
42 53 0.517732
42 54 0.392276
42 55 0.51693
42 56 0.555048
42 57 0.560265
43 0 0.120148
43 1 0.437453
43 2 0.4833
43 3 0.190026
43 4 0.101368
43 5 0.300464
43 6 0.150922
43 7 0.037244
43 8 0.167495
43 9 0.291011
43 10 0.332017
43 11 0.0166
43 12 0.617501
43 13 0.0687516
43 14 0.416933
43 15 0.121329
43 16 0.101385
43 17 0.11667
43 18 0.0745237
43 19 0.377073
43 20 0.106695
43 21 0.483587
43 22 0.164161
43 23 0.616825
43 24 0.223607
43 25 0.20276
43 26 0.0687055
43 27 0.551763
43 28 0.111803
43 29 0.263468
43 30 0.140056
43 31 0.170001
43 32 0.37266
43 33 0.490431
43 34 0.353553
43 35 0.337413
43 36 0.126868
43 37 0.158114
43 38 0.0897466
43 39 0.700198
43 40 0.111803
43 41 0.671835
43 42 0.421965
43 44 0.0372395
43 45 0.236852
43 46 0.33541
43 47 0.353553
43 48 0.343533
43 49 0.0745147
43 50 0.359785
43 51 0.389711
43 52 0.201443
43 53 0.141421
43 54 0.037235
43 55 0.111803
43 56 0.353553
43 57 0.180278
44 0 0.0897373
44 1 0.424264
44 2 0.450309
44 3 0.216654
44 4 0.117859
44 5 0.263551
44 6 0.121366
44 7 0.0235962
44 8 0.190026
44 9 0.253828
44 10 0.295301
44 11 0.0235962
44 12 0.583538
44 13 0.1
44 14 0.3833
44 15 0.1
44 16 0.126933
44 17 0.105399
44 18 0.05
44 19 0.341058
44 20 0.0707107
44 21 0.45
44 22 0.194368
44 23 0.5833
44 24 0.186367
44 25 0.233895
44 26 0.0527152
44 27 0.529442
44 28 0.117859
44 29 0.226662
44 30 0.107863
44 31 0.200694
44 32 0.384774
44 33 0.460977
44 34 0.318449
44 35 0.300431
44 36 0.0897206
44 37 0.134402
44 38 0.06667
44 39 0.667533
44 40 0.0849869
44 41 0.67082
44 42 0.444719
44 43 0.0372395
44 45 0.22423
44 46 0.298171
44 47 0.318449
44 48 0.306383
44 49 0.08333
44 50 0.323641
44 51 0.352473
44 52 0.238661
44 53 0.157203
44 54 0.0527152
44 55 0.117825
44 56 0.323641
44 57 0.143397
45 0 0.275897
45 1 0.200691
45 2 0.33541
45 3 0.235669
45 4 0.174037
45 5 0.323618
45 6 0.137435
45 7 0.247795
45 8 0.200693
45 9 0.279377
45 10 0.283318
45 11 0.224252
45 12 0.470492
45 13 0.300464
45 14 0.286719
45 15 0.305962
45 16 0.206155
45 17 0.323592
45 18 0.263526
45 19 0.296716
45 20 0.238633
45 21 0.343189
45 22 0.25
45 23 0.46425
45 24 0.250557
45 25 0.424891
45 26 0.273377
45 27 0.327479
45 28 0.142369
45 29 0.301842
45 30 0.279298
45 31 0.395112
45 32 0.24609
45 33 0.307319
45 34 0.260363
45 35 0.29813
45 36 0.210829
45 37 0.105399
45 38 0.277394
45 39 0.533628
45 40 0.283318
45 41 0.458557
45 42 0.365524
45 43 0.236852
45 44 0.22423
45 46 0.321899
45 47 0.260363
45 48 0.31313
45 49 0.171597
45 50 0.286769
45 51 0.36205
45 52 0.372711
45 53 0.377834
45 54 0.203472
45 55 0.341949
45 56 0.194394
45 57 0.252208
46 0 0.238696
46 1 0.434608
46 2 0.236852
46 3 0.483331
46 4 0.377909
46 5 0.0527057
46 6 0.224222
46 7 0.306472
46 8 0.447853
46 9 0.0471853
46 10 0.0526836
46 11 0.320649
46 12 0.337409
46 13 0.390187
46 14 0.177123
46 15 0.268775
46 16 0.403483
46 17 0.301846
46 18 0.279415
46 19 0.0960111
46 20 0.23217
46 21 0.226662
46 22 0.473781
46 23 0.343529
46 24 0.111803
46 25 0.513429
46 26 0.295397
46 27 0.432368
46 28 0.353553
46 29 0.0834
46 30 0.218538
46 31 0.48106
46 32 0.566933
46 33 0.296718
46 34 0.111803
46 35 0.037235
46 36 0.208891
46 37 0.25
46 38 0.274904
46 39 0.433331
46 40 0.254951
46 41 0.734086
46 42 0.674961
46 43 0.33541
46 44 0.298171
46 45 0.321899
46 47 0.111803
46 48 0.0235184
46 49 0.343614
46 50 0.083328
46 51 0.0543832
46 52 0.536767
46 53 0.403113
46 54 0.337528
46 55 0.353553
46 56 0.206155
46 57 0.158114
47 0 0.287777
47 1 0.333748
47 2 0.142369
47 3 0.46308
47 4 0.365589
47 5 0.153662
47 6 0.210816
47 7 0.333816
47 8 0.425923
47 9 0.106773
47 10 0.0601295
47 11 0.337128
47 12 0.26712
47 13 0.418031
47 14 0.0744745
47 15 0.323641
47 16 0.396193
47 17 0.356293
47 18 0.317138
47 19 0.036907
47 20 0.26722
47 21 0.137404
47 22 0.462211
47 23 0.268675
47 24 0.158114
47 25 0.550252
47 26 0.333816
47 27 0.320587
