111 -1
0 25434 1.842
1 25441 2.31408
2 25445 1.97293
3 25446 1.5048
4 25451 1.25149
5 25455 1.87658
6 25466 2.47262
7 25467 1.27838
8 25475 1.98405
9 25478 1.30738
10 25479 1.8914
11 25480 1.34954
12 25481 2.18582
13 25485 2.24906
14 25487 2.34009
15 25494 1.44186
16 25495 1.50579
17 25496 2.21461
18 25497 2.21587
19 25498 1.32138
20 25500 1.77466
21 25502 1.30495
22 25517 1.66117
23 25518 1.87042
24 25526 1.25867
25 25528 1.56261
26 25530 1.68937
27 25531 2.17961
28 25533 1.28332
29 25534 1.32852
30 25537 1.46373
31 25539 1.88651
32 25542 2.40378
33 25546 2.19784
34 25548 2.15249
35 25554 2.41645
36 25557 1.59679
37 25558 2.14747
38 25559 2.45601
39 25562 2.34202
40 25569 2.21603
41 25570 1.86978
42 25572 2.45274
43 25576 1.92421
44 25577 1.6412
45 25578 2.3152
46 25581 2.12726
47 25586 1.90818
48 25589 2.05217
49 25592 1.86549
50 25598 1.99074
51 25601 1.3492
52 25611 1.93162
53 25619 2.41309
54 25627 1.9808
55 25631 1.95147
56 25632 1.49806
57 25634 2.43135
58 25650 1.65344
59 25656 1.54256
60 25663 1.28223
61 25670 1.87835
62 25672 2.19025
63 25675 2.4472
64 25678 1.59856
65 25681 1.86511
66 25690 2.38601
67 25694 1.95653
68 25703 1.53495
69 25710 2.36439
70 25711 1.82092
71 25718 1.27334
72 25723 1.75653
73 25727 1.79602
74 25733 1.95874
75 25742 2.15892
76 25747 1.63358
77 25748 1.60836
78 25752 1.58946
79 25762 2.44693
80 25764 2.23503
81 25767 2.34137
82 25772 1.3185
83 25776 1.68902
84 25777 2.27683
85 25789 2.06047
86 25791 2.40167
87 25795 1.29726
88 25797 2.01419
89 25798 1.57747
90 25799 1.601
91 25814 2.0576
92 25816 2.21701
93 25819 1.31362
94 25820 2.02716
95 25824 1.33793
96 25829 1.93991
97 25831 1.93554
98 25835 2.05564
99 25839 2.23604
100 25855 1.82229
101 25866 1.39892
102 25869 2.27056
103 25870 2.34
104 25871 1.95612
105 25874 1.75167
106 25875 2.02128
107 25881 2.35088
108 25883 2.12121
109 25897 2.37192
110 25900 2.32018
0 1 0.0372395
0 2 0.0235891
0 4 0.106745
0 5 0.150922
0 6 0.217295
0 7 0.179475
0 8 0.226669
0 10 0.208803
0 11 0.360555
0 13 0.150916
0 14 0.130214
0 15 0.353553
0 16 0.141421
0 17 0.208891
0 19 0.21734
0 21 0.141421
0 22 0.314434
0 24 0.267121
0 25 0.157213
0 26 0.240368
0 27 0.157266
0 28 0.212132
0 29 0.177123
0 30 0.169974
0 31 0.01666
0 32 0.167485
0 33 0.0687516
0 34 0.189988
0 36 0.08336
0 40 0.309998
0 41 0.164121
0 42 0.134337
0 43 0.0745147
0 44 0.25
0 45 0.1
0 46 0.177189
0 47 0.18333
0 49 0.0667
0 50 0.18633
0 51 0.343591
0 52 0.213383
0 53 0.126933
0 54 0.0931866
0 55 0.164121
0 56 0.149038
0 58 0.11667
0 59 0.283336
0 62 0.141421
0 63 0.134438
0 64 0.106674
0 65 0.269258
0 66 0.17714
0 67 0.117849
0 69 0.272915
0 70 0.06667
0 71 0.171592
0 72 0.0971539
0 74 0.343581
0 75 0.134372
0 76 0.317138
0 77 0.130175
0 78 0.20883
0 79 0.0471853
0 80 0.0527152
0 81 0.180278
0 84 0.224222
0 86 0.106767
0 87 0.083336
0 88 0.120204
0 89 0.263468
0 90 0.0167
0 91 0.31711
0 92 0.222355
0 93 0.0600907
0 95 0.327482
0 97 0.0373289
0 98 0.223607
0 99 0.0897744
0 100 0.252212
0 102 0.32056
0 104 0.287718
0 105 0.173999
0 106 0.153654
0 107 0.273308
0 108 0.13745
0 109 0.201367
0 110 0.0738394
1 0 0.0372395
1 2 0.0600907
1 4 0.120187
1 5 0.186306
1 6 0.233927
1 7 0.18633
1 8 0.223607
1 10 0.190031
1 11 0.357867
1 13 0.167505
1 14 0.165018
1 15 0.333748
1 16 0.177146
1 17 0.246111
1 18 0.356299
1 19 0.25
1 21 0.13439
1 22 0.283318
1 24 0.2333
1 25 0.158114
1 26 0.224252
1 27 0.19005
1 28 0.177189
1 29 0.171578
1 30 0.195087
1 31 0.0471145
1 32 0.184089
1 33 0.1
1 34 0.186327
1 35 0.359776
1 36 0.120187
1 40 0.277386
1 41 0.169964
1 42 0.105408
1 43 0.08333
1 44 0.268711
1 45 0.0687516
1 46 0.212132
1 47 0.202753
1 49 0.10138
1 50 0.2
1 51 0.320593
1 52 0.200671
1 53 0.130149
1 54 0.130421
1 55 0.137426
1 56 0.153652
1 58 0.105399
1 59 0.246111
1 62 0.106737
1 63 0.1667
1 64 0.105399
1 65 0.29813
1 66 0.166664
1 67 0.142397
1 69 0.272509
1 70 0.060074
1 71 0.208803
1 72 0.083336
1 74 0.353553
1 75 0.158114
1 76 0.35
1 77 0.0943068
1 78 0.210829
1 79 0.08336
1 80 0.0600907
1 81 0.143397
1 84 0.217322
1 86 0.143397
1 87 0.0527152
1 88 0.153662
1 89 0.247745
1 90 0.0527057
1 91 0.304138
1 92 0.247753
1 93 0.0527152
1 95 0.356293
1 97 0.0667
1 98 0.195087
1 99 0.120204
1 100 0.222394
1 102 0.283332
1 104 0.267192
1 105 0.184089
1 106 0.188536
1 107 0.268722
1 108 0.164161
1 109 0.206155
1 110 0.0368067
2 0 0.0235891
2 1 0.0600907
2 4 0.111803
2 5 0.1333
2 6 0.202753
2 7 0.171578
2 8 0.22423
2 10 0.216669
2 11 0.356708
2 13 0.137435
2 14 0.106745
2 16 0.117832
2 17 0.186372
2 19 0.202758
2 21 0.143403
2 22 0.337453
2 24 0.285254
2 25 0.153662
2 26 0.246111
2 27 0.13439
2 28 0.235721
2 29 0.177146
2 30 0.150927
2 31 0.0167
2 32 0.153652
2 33 0.0600907
2 34 0.188543
2 36 0.0600962
2 40 0.333328
2 41 0.157221
2 42 0.15
2 43 0.0707107
2 44 0.247739
2 45 0.117883
2 46 0.153662
2 47 0.167505
2 48 0.36975
2 49 0.0527025
2 50 0.174008
2 51 0.364005
2 52 0.21728
2 53 0.137426
2 54 0.0709995
2 55 0.186318
2 56 0.143355
2 58 0.134372
2 59 0.305988
2 62 0.16501
2 63 0.121366
2 64 0.106695
2 65 0.247763
2 66 0.180278
2 67 0.1
2 69 0.268269
2 70 0.0849869
2 71 0.149043
2 72 0.105411
2 74 0.332084
2 75 0.11667
2 76 0.301846
2 77 0.153684
2 78 0.203464
2 79 0.0235962
2 80 0.06666
2 81 0.203466
2 82 0.36893
2 84 0.224252
2 86 0.08336
2 87 0.106737
2 88 0.0971882
2 89 0.268716
2 90 0.01666
2 91 0.33333
2 92 0.202753
2 93 0.0687516
2 95 0.316228
2 97 0.0372797
2 98 0.24609
2 99 0.0687298
2 100 0.26722
2 102 0.343184
2 104 0.307325
2 105 0.164161
2 106 0.130149
2 107 0.271291
2 108 0.117859
2 109 0.194368
2 110 0.0960462
3 4 0.274875
3 5 0.367036
3 9 0.186327
3 12 0.275884
3 15 0.1834
3 18 0.233995
3 19 0.343581
3 22 0.311358
3 28 0.346865
3 33 0.339938
3 35 0.250555
3 39 0.212132
3 40 0.332113
3 44 0.210797
3 49 0.356299
3 51 0.217339
3 53 0.247787
3 55 0.282843
3 58 0.268772
3 60 0.167495
3 62 0.342017
3 63 0.33333
3 68 0.222394
3 70 0.313164
3 77 0.354377
3 80 0.321899
3 82 0.341949
3 87 0.337508
3 90 0.368943
3 91 0.121366
3 95 0.323584
3 96 0.263468
3 97 0.348007
3 98 0.277445
3 104 0.195139
4 0 0.106745
4 1 0.120187
4 2 0.111803
4 3 0.274875
4 5 0.130149
4 6 0.31135
4 7 0.283318
4 8 0.333336
4 10 0.310022
4 13 0.247763
4 14 0.184099
4 15 0.291078
4 16 0.18634
4 17 0.21733
4 18 0.328732
4 19 0.164149
4 21 0.247795
4 22 0.296713
4 24 0.339903
4 25 0.263526
4 26 0.34362
4 27 0.217313
4 28 0.226721
4 29 0.283804
4 30 0.252208
4 31 0.120204
4 32 0.263513
4 33 0.06667
4 34 0.296726
4 35 0.337453
4 36 0.13334
4 40 0.300459
4 41 0.268731
4 42 0.223607
4 43 0.180278
4 44 0.149038
4 45 0.186372
4 46 0.222364
4 47 0.274885
4 49 0.08334
4 50 0.284803
4 51 0.291548
4 52 0.318394
4 53 0.0372797
4 54 0.127652
4 55 0.149038
4 56 0.254391
4 58 0.0745639
4 59 0.320623
4 62 0.16753
4 63 0.0943068
4 64 0.213419
4 65 0.334999
4 66 0.282843
4 67 0.206155
4 68 0.350391
4 70 0.0687516
4 71 0.186327
4 72 0.200698
4 75 0.222364
4 76 0.258737
4 77 0.1667
4 78 0.314487
4 79 0.121329
4 80 0.0600962
4 81 0.217339
4 82 0.300462
4 84 0.330846
4 86 0.150927
4 87 0.117885
4 88 0.18334
4 89 0.367024
4 90 0.0971882
4 91 0.238627
4 92 0.300464
4 93 0.165018
4 95 0.25
4 97 0.0745237
4 98 0.203466
4 99 0.169964
4 100 0.337507
4 102 0.356291
4 104 0.231558
4 105 0.275897
4 106 0.202753
4 108 0.219214
4 109 0.305962
4 110 0.14588
5 0 0.150922
5 1 0.186306
5 2 0.1333
5 3 0.367036
5 4 0.130149
5 6 0.260299
5 7 0.263468
5 8 0.328691
5 10 0.343561
5 13 0.21339
5 14 0.106682
5 16 0.0971882
5 17 0.0897837
5 19 0.0745639
5 21 0.263525
5 25 0.260846
5 26 0.368933
5 27 0.134341
5 28 0.343184
5 29 0.291011
5 30 0.189988
5 31 0.15
5 32 0.224178
5 33 0.0897206
5 34 0.298086
5 36 0.0897243
5 41 0.254352
5 42 0.2833
5 43 0.189997
5 44 0.173999
5 45 0.250554
5 46 0.121329
5 47 0.22423
5 48 0.302203
5 49 0.0849497
5 50 0.247745
5 52 0.337413
5 53 0.166664
5 54 0.0725778
5 55 0.273297
5 56 0.246023
5 58 0.200691
5 62 0.27588
5 63 0.037235
5 64 0.226628
5 65 0.238637
5 66 0.300431
5 67 0.16664
5 69 0.363052
5 70 0.171592
5 71 0.06667
5 72 0.23567
5 75 0.177146
5 76 0.169999
5 77 0.269258
5 78 0.300464
5 79 0.117786
5 80 0.149038
5 81 0.321884
5 82 0.246107
5 84 0.33541
5 86 0.08328
5 87 0.216665
5 88 0.117832
5 90 0.134337
5 91 0.358996
5 92 0.223607
5 93 0.200694
5 95 0.194394
5 97 0.12127
5 98 0.33082
5 99 0.134315
5 104 0.360555
5 105 0.25
5 106 0.111803
5 108 0.164947
5 109 0.286719
5 110 0.222833
6 0 0.217295
6 1 0.233927
6 2 0.202753
6 4 0.31135
6 5 0.260299
6 7 0.0707107
6 8 0.121366
6 10 0.203466
6 11 0.201448
6 13 0.06666
6 14 0.153654
6 16 0.16494
6 17 0.231537
6 19 0.329957
6 21 0.143405
6 24 0.341969
6 25 0.106737
6 26 0.201443
6 27 0.130169
6 29 0.130169
6 30 0.0707107
6 31 0.200688
6 32 0.05
6 33 0.247753
6 34 0.120181
6 36 0.186318
6 37 0.254443
6 41 0.083328
6 42 0.231558
6 43 0.150927
6 45 0.232158
6 46 0.157203
6 47 0.037235
6 48 0.282923
6 49 0.232122
6 50 0.0372797
6 52 0.171592
6 53 0.339918
6 54 0.19966
6 55 0.370053
6 56 0.0971797
6 57 0.320156
6 58 0.333743
6 62 0.327459
6 63 0.277386
6 64 0.142397
6 65 0.121273
6 66 0.153684
6 67 0.105399
6 69 0.125649
6 70 0.283816
6 71 0.213383
6 72 0.179512
6 74 0.13439
6 75 0.0897373
6 77 0.311377
6 78 0.0898134
6 79 0.190026
6 80 0.268731
6 81 0.343612
6 83 0.293224
6 84 0.142462
6 86 0.180278
6 87 0.285292
6 88 0.143347
6 89 0.210816
6 90 0.219204
6 92 0.0666
6 93 0.186348
6 94 0.333336
6 97 0.238627
6 99 0.142397
6 100 0.296792
6 101 0.180278
6 103 0.236883
6 105 0.0601295
6 106 0.153608
6 107 0.15
6 108 0.0971797
6 109 0.0745639
6 110 0.250122
7 0 0.179475
7 1 0.18633
7 2 0.171578
7 4 0.283318
7 5 0.263468
7 6 0.0707107
7 8 0.0687516
7 10 0.134397
7 11 0.188614
7 13 0.0527025
7 14 0.164145
7 16 0.179441
7 17 0.258735
7 19 0.337444
7 21 0.0745595
7 24 0.271311
7 25 0.0372797
7 26 0.137501
7 27 0.153658
7 28 0.327459
7 29 0.0600907
7 30 0.1
7 31 0.164121
7 32 0.05
7 33 0.226669
7 34 0.0527025
7 36 0.17714
7 37 0.279407
7 41 0.01666
7 42 0.164161
7 43 0.105399
7 45 0.169974
7 46 0.186306
7 47 0.0686546
7 48 0.347066
7 49 0.213411
7 50 0.0372395
7 52 0.105408
7 53 0.306384
7 54 0.193497
7 55 0.31666
7 56 0.03333
7 57 0.320156
7 58 0.291052
7 59 0.351618
7 62 0.268744
7 63 0.271311
7 64 0.08333
7 65 0.186282
7 66 0.08336
7 67 0.0971539
7 69 0.100163
7 70 0.242649
7 71 0.232076
7 72 0.117849
7 74 0.167505
7 75 0.0897206
7 77 0.252221
7 78 0.0373289
7 79 0.166664
7 80 0.232122
7 81 0.279398
7 83 0.363934
7 84 0.0834
7 86 0.180278
7 87 0.23392
7 88 0.149038
7 89 0.150922
7 90 0.186318
7 92 0.126868
7 93 0.134359
7 97 0.20883
7 98 0.368178
7 99 0.130169
7 100 0.226743
7 101 0.206155
7 103 0.253865
7 105 0.0166
7 106 0.173941
7 107 0.111803
7 108 0.105408
7 109 0.0235962
7 110 0.194727
8 0 0.226669
8 1 0.223607
8 2 0.22423
8 4 0.333336
8 5 0.328691
8 6 0.121366
8 7 0.0687516
8 10 0.0971797
8 11 0.13439
8 13 0.121366
8 14 0.23217
8 16 0.247735
8 17 0.327479
8 21 0.0897373
8 23 0.330826
8 24 0.240352
8 25 0.0707107
8 26 0.08336
8 27 0.222394
8 28 0.333748
8 29 0.0527152
8 30 0.167531
8 31 0.213419
8 32 0.117885
8 33 0.282843
8 34 0.0372797
8 36 0.240368
8 37 0.250557
8 38 0.341949
8 41 0.0745639
8 42 0.16667
8 43 0.153662
8 45 0.18633
8 46 0.254951
8 47 0.1333
8 49 0.271311
8 50 0.1
8 52 0.060074
8 53 0.351566
8 54 0.257235
8 55 0.339938
8 56 0.08336
8 57 0.268722
8 58 0.328282
8 59 0.337489
8 62 0.28528
8 63 0.33336
8 64 0.120204
8 65 0.242639
8 66 0.06667
8 67 0.164149
8 69 0.0508814
8 70 0.283318
8 71 0.300431
8 72 0.142397
8 74 0.158114
8 75 0.158114
8 77 0.268741
8 78 0.0333
8 79 0.224252
8 80 0.277386
8 81 0.283822
8 84 0.0235962
8 86 0.246111
8 87 0.263513
8 88 0.216665
8 89 0.0897206
8 90 0.236875
8 92 0.186306
8 93 0.171578
8 97 0.260363
8 99 0.194394
8 100 0.19005
8 101 0.184089
8 102 0.365525
8 103 0.219214
8 105 0.0849516
8 106 0.242639
8 107 0.0471145
8 108 0.174037
8 109 0.05
8 110 0.221158
9 3 0.186327
9 12 0.33703
9 15 0.314496
9 18 0.350427
9 35 0.365498
9 39 0.0687516
9 44 0.36705
9 51 0.351582
9 60 0.0667
9 68 0.321888
9 91 0.282843
9 96 0.134338
9 104 0.354361
10 0 0.208803
10 1 0.190031
10 2 0.216669
10 4 0.310022
10 5 0.343561
10 6 0.203466
10 7 0.134397
10 8 0.0971797
10 11 0.200696
10 13 0.174037
10 14 0.2667
10 16 0.2833
10 17 0.3667
10 21 0.0833
10 22 0.36705
10 23 0.360555
10 24 0.143355
10 25 0.105408
10 26 0.0372797
10 27 0.268775
10 28 0.252208
10 29 0.0745639
10 30 0.226721
10 31 0.201357
10 32 0.179534
10 33 0.275884
10 34 0.08336
10 36 0.254951
10 37 0.334989
10 40 0.35
10 41 0.12696
10 42 0.0971882
10 43 0.153661
10 45 0.130149
10 46 0.301846
10 47 0.201352
10 49 0.269258
10 50 0.171592
10 52 0.0372797
10 53 0.318394
10 54 0.271774
10 55 0.275897
10 56 0.121366
10 57 0.327433
10 58 0.283804
10 59 0.242686
10 62 0.216654
10 63 0.337507
10 64 0.117885
10 65 0.32056
10 66 0.0527025
10 67 0.200693
10 69 0.140116
10 70 0.247745
10 71 0.333717
10 72 0.111803
10 74 0.253856
10 75 0.202758
10 77 0.201376
10 78 0.117825
10 79 0.226724
10 80 0.25
10 81 0.202753
10 84 0.0745147
10 86 0.268776
10 87 0.213419
10 88 0.25
10 89 0.060074
10 90 0.223607
10 92 0.260842
10 93 0.149043
10 97 0.246111
10 98 0.31135
10 99 0.21734
10 100 0.0943068
10 101 0.274875
10 102 0.269258
10 103 0.300464
10 105 0.149038
10 106 0.283789
10 107 0.117849
10 108 0.219248
10 109 0.130169
10 110 0.172117
11 0 0.360555
11 1 0.357867
11 2 0.356708
11 6 0.201448
11 7 0.188614
11 8 0.13439
11 10 0.200696
11 13 0.236929
11 14 0.346865
11 16 0.360555
11 21 0.223607
11 23 0.208803
11 24 0.323598
11 25 0.203464
11 26 0.16667
11 27 0.328777
11 29 0.186372
11 30 0.268803
11 31 0.346816
11 32 0.226749
11 34 0.171626
11 36 0.365553
11 37 0.142397
11 38 0.213383
11 41 0.200738
11 42 0.291085
11 43 0.286769
11 45 0.316228
11 46 0.35788
11 47 0.231542
11 50 0.203472
11 52 0.169984
11 56 0.213482
11 57 0.134332
11 61 0.250081
11 64 0.254443
11 65 0.304138
11 66 0.195096
11 67 0.283853
11 69 0.0887516
11 72 0.275897
11 73 0.268722
11 74 0.121366
11 75 0.273382
11 78 0.153662
11 79 0.354385
11 84 0.142406
11 86 0.367101
11 88 0.33336
11 89 0.150916
11 90 0.37008
11 92 0.263525
11 93 0.305962
11 99 0.318467
11 100 0.271317
11 101 0.106767
11 103 0.10543
11 105 0.200698
11 106 0.351587
11 107 0.0897837
11 108 0.2868
11 109 0.165018
11 110 0.353508
12 3 0.275884
12 9 0.33703
12 15 0.134341
12 18 0.101368
12 22 0.206155
12 28 0.318427
12 35 0.1
12 40 0.226704
12 51 0.137426
12 55 0.320593
12 58 0.368911
12 59 0.359033
12 60 0.271248
12 62 0.367046
12 68 0.0745237
12 81 0.368188
12 91 0.200671
12 98 0.267186
12 102 0.357867
12 104 0.195052
13 0 0.150916
13 1 0.167505
13 2 0.137435
13 4 0.247763
13 5 0.21339
13 6 0.06666
13 7 0.0527025
13 8 0.121366
13 10 0.174037
13 11 0.236929
13 14 0.111803
13 16 0.126868
13 17 0.206155
13 19 0.286719
13 21 0.0972397
13 24 0.300464
13 25 0.0687516
13 26 0.184156
13 27 0.10138
13 28 0.328322
13 29 0.10138
13 30 0.0527025
13 31 0.134369
13 32 0.01666
13 33 0.186327
13 34 0.1
13 36 0.130149
13 37 0.313164
13 41 0.05
13 42 0.177196
13 43 0.0849967
13 44 0.370021
13 45 0.171626
13 46 0.134338
13 47 0.037235
13 48 0.309311
13 49 0.171578
13 50 0.0372797
13 52 0.150923
13 53 0.274861
13 54 0.1456
13 55 0.304138
13 56 0.0527057
13 57 0.365524
13 58 0.267186
13 59 0.367093
13 62 0.263544
13 63 0.22423
13 64 0.083336
13 65 0.153608
13 66 0.121369
13 67 0.0471216
13 69 0.14997
13 70 0.217305
13 71 0.179445
13 72 0.120204
13 74 0.195087
13 75 0.0372395
13 77 0.247797
13 78 0.0898134
13 79 0.126933
13 80 0.202753
13 81 0.283365
13 83 0.343693
13 84 0.134436
13 86 0.130175
13 87 0.219229
13 88 0.0971539
13 89 0.2
13 90 0.153652
13 92 0.0942291
13 93 0.121357
13 97 0.174008
13 98 0.359799
13 99 0.083336
13 100 0.260936
13 101 0.238624
13 103 0.291548
13 105 0.0373245
13 106 0.121273
13 107 0.164145
13 108 0.0527057
13 109 0.0745639
13 110 0.185414
14 0 0.130214
14 1 0.165018
14 2 0.106745
14 4 0.184099
14 5 0.106682
14 6 0.153654
14 7 0.164145
14 8 0.23217
14 10 0.2667
14 11 0.346865
14 13 0.111803
14 16 0.0166
14 17 0.1
14 19 0.177146
14 21 0.1834
14 24 0.368933
14 25 0.169999
14 26 0.285353
14 27 0.03333
14 28 0.342017
14 29 0.202758
14 30 0.083328
14 31 0.117903
14 32 0.120181
14 33 0.117859
14 34 0.206155
14 36 0.0527152
14 41 0.158114
14 42 0.232173
14 43 0.121369
14 44 0.275854
14 45 0.208891
14 46 0.0471145
14 47 0.117896
14 48 0.263037
14 49 0.101385
14 50 0.143397
14 52 0.252212
14 53 0.219229
14 54 0.0566771
14 55 0.291548
14 56 0.153658
14 58 0.232167
14 62 0.271359
14 63 0.126933
14 64 0.150923
14 65 0.150916
14 66 0.217339
14 67 0.0687491
14 69 0.261251
14 70 0.186372
14 71 0.0686546
14 72 0.174037
14 74 0.286761
14 75 0.0745639
14 76 0.260846
14 77 0.259324
14 78 0.201443
14 79 0.083336
14 80 0.164161
14 81 0.307369
14 82 0.346784
14 83 0.341598
14 84 0.242733
14 86 0.03334
14 87 0.213482
14 88 0.0167
14 89 0.304138
14 90 0.120204
14 92 0.121347
14 93 0.149132
14 95 0.296719
14 97 0.126933
14 98 0.351618
14 99 0.0527057
14 100 0.340001
14 101 0.333328
14 105 0.149128
14 106 0.0235184
14 107 0.27588
14 108 0.0600907
14 109 0.186367
14 110 0.198525
15 0 0.353553
15 1 0.333748
15 3 0.1834
15 4 0.291078
15 9 0.314496
15 12 0.134341
15 18 0.0527057
15 22 0.143316
15 28 0.223607
15 31 0.370053
15 33 0.353168
15 35 0.0686546
15 39 0.365589
15 40 0.16664
15 44 0.320156
15 45 0.353553
15 49 0.368943
15 51 0.037235
15 53 0.253856
15 55 0.200688
15 58 0.238627
15 59 0.294859
15 60 0.260344
15 62 0.254951
15 68 0.060074
15 70 0.287708
15 77 0.271307
15 80 0.307325
15 81 0.269258
15 87 0.28333
15 90 0.356299
15 91 0.0745639
15 97 0.343605
15 98 0.158114
15 102 0.307293
15 104 0.06666
15 110 0.32246
16 0 0.141421
16 1 0.177146
16 2 0.117832
16 4 0.18634
16 5 0.0971882
16 6 0.16494
16 7 0.179441
16 8 0.247735
16 10 0.2833
16 11 0.360555
16 13 0.126868
16 14 0.0166
16 17 0.0834
16 19 0.165018
16 21 0.2
16 25 0.186306
16 26 0.301846
16 27 0.037235
16 28 0.353553
16 29 0.219149
16 30 0.0942291
16 31 0.130175
16 32 0.13431
16 33 0.121329
16 34 0.222296
16 36 0.060074
16 41 0.173941
16 42 0.247739
16 43 0.137406
16 44 0.269258
16 45 0.223607
16 46 0.0372797
16 47 0.130169
16 48 0.252613
16 49 0.105399
16 50 0.157203
16 52 0.268675
16 53 0.222364
16 54 0.0593105
16 55 0.300426
16 56 0.169901
16 58 0.238633
16 62 0.282843
16 63 0.121357
16 64 0.167432
16 65 0.15
16 66 0.233894
16 67 0.0849497
16 69 0.275646
16 70 0.194368
16 71 0.0527057
16 72 0.189997
16 74 0.296718
16 75 0.0897206
16 76 0.246111
16 77 0.271318
16 78 0.216665
16 79 0.0942361
16 80 0.171578
16 81 0.320156
16 82 0.33336
16 83 0.336772
16 84 0.258735
16 86 0.037244
16 87 0.22423
16 88 0.0333
16 89 0.320524
16 90 0.130149
16 92 0.126923
16 93 0.164149
16 95 0.283853
16 97 0.134341
16 98 0.360555
16 99 0.0686546
16 100 0.356293
16 101 0.343545
16 105 0.164145
16 106 0.01666
16 107 0.291007
16 108 0.0744745
16 109 0.201352
16 110 0.211481
17 0 0.208891
17 1 0.246111
17 2 0.186372
17 4 0.21733
17 5 0.0897837
17 6 0.231537
17 7 0.258735
17 8 0.327479
17 10 0.3667
17 13 0.206155
17 14 0.1
17 16 0.0834
17 19 0.121329
17 21 0.2834
17 25 0.268775
17 27 0.105408
17 29 0.301846
17 30 0.164145
17 31 0.201448
17 32 0.210816
17 33 0.165018
17 34 0.304138
17 36 0.12696
17 41 0.254951
17 42 0.327482
17 43 0.21925
17 44 0.250551
17 45 0.300525
17 46 0.0745639
17 47 0.201443
17 48 0.212481
17 49 0.153684
17 50 0.23217
17 52 0.351583
17 53 0.254443
17 54 0.115725
17 55 0.353553
17 56 0.252212
17 58 0.283869
17 62 0.346865
17 63 0.126933
17 64 0.250555
17 65 0.171626
17 66 0.317138
17 67 0.16753
17 69 0.35093
17 70 0.247819
17 71 0.0373289
17 72 0.271346
17 74 0.354361
17 75 0.169999
17 76 0.177146
17 77 0.337534
17 78 0.295397
17 79 0.164149
17 80 0.224252
17 82 0.271291
17 83 0.324513
17 84 0.339999
17 86 0.105411
17 87 0.2868
17 88 0.1167
17 90 0.194394
17 92 0.177215
17 93 0.242735
17 95 0.226677
17 97 0.190031
17 99 0.150923
17 105 0.242733
17 106 0.0850477
17 107 0.36893
17 108 0.153658
17 109 0.279415
17 110 0.282404
18 1 0.356299
18 3 0.233995
18 4 0.328732
18 9 0.350427
18 12 0.101368
18 15 0.0527057
18 22 0.120148
18 28 0.222364
18 35 0.0166
18 40 0.143355
18 44 0.370062
18 45 0.36667
18 51 0.0372797
18 53 0.291548
18 55 0.219229
18 58 0.269258
18 59 0.277386
18 60 0.291548
18 62 0.26667
18 68 0.0372797
18 70 0.316228
18 77 0.28333
18 80 0.337489
18 81 0.271317
18 87 0.304138
18 91 0.12696
18 98 0.16667
18 102 0.283804
18 104 0.0971797
18 110 0.340091
19 0 0.21734
19 1 0.25
19 2 0.202758
19 3 0.343581
19 4 0.164149
19 5 0.0745639
19 6 0.329957
19 7 0.337444
19 13 0.286719
19 14 0.177146
19 16 0.165018
19 17 0.121329
19 21 0.337507
19 25 0.33541
19 27 0.200671
19 29 0.365498
19 30 0.259247
19 31 0.219248
19 32 0.296713
19 33 0.15
19 36 0.164149
19 41 0.328691
19 42 0.351583
19 43 0.263522
19 44 0.134372
19 45 0.317138
19 46 0.180278
19 47 0.294888
19 48 0.319359
19 49 0.150923
19 50 0.320156
19 53 0.194394
19 54 0.147002
19 55 0.313107
19 56 0.32056
19 58 0.238661
19 62 0.327479
19 63 0.0833
19 64 0.300431
19 65 0.291087
19 67 0.240368
19 70 0.222394
19 71 0.120204
19 72 0.307319
19 75 0.25
19 76 0.1
19 77 0.323641
19 79 0.189997
19 80 0.202758
19 82 0.171592
19 86 0.157203
19 87 0.271346
19 88 0.190031
19 90 0.200694
19 91 0.360555
19 92 0.286761
19 93 0.271346
19 95 0.120187
19 97 0.1833
19 98 0.365935
19 99 0.208803
19 105 0.323634
19 106 0.177189
19 108 0.236852
19 109 0.360555
19 110 0.285228
20 83 0.262008
20 85 0.134372
20 94 0.20277
21 0 0.141421
21 1 0.13439
21 2 0.143403
21 4 0.247795
21 5 0.263525
21 6 0.143405
21 7 0.0745595
21 8 0.0897373
21 10 0.0833
21 11 0.223607
21 13 0.0972397
21 14 0.1834
21 16 0.2
21 17 0.2834
21 19 0.337507
21 24 0.20339
21 25 0.0372797
21 26 0.105408
21 27 0.186404
21 28 0.254951
21 29 0.037235
21 30 0.149128
21 31 0.130175
21 32 0.106767
21 33 0.203472
21 34 0.0526836
21 36 0.174037
21 37 0.337059
21 40 0.359776
21 41 0.0601295
21 42 0.0897466
21 43 0.0745684
21 45 0.1
21 46 0.219248
21 47 0.130169
21 49 0.194394
21 50 0.106737
21 52 0.0744745
21 53 0.263526
21 54 0.191096
21 55 0.252221
21 56 0.0471853
21 57 0.357812
21 58 0.238633
21 59 0.277394
21 62 0.2
21 63 0.260936
21 64 0.0373289
21 65 0.25
21 66 0.037235
21 67 0.117883
21 69 0.139789
21 70 0.194368
21 71 0.250555
21 72 0.0527152
21 74 0.233927
21 75 0.121366
21 77 0.18334
21 78 0.08333
21 79 0.149132
21 80 0.19005
21 81 0.206155
21 84 0.083328
21 86 0.186406
21 87 0.174008
21 88 0.1667
21 89 0.126868
21 90 0.153684
21 92 0.190025
21 93 0.083336
21 97 0.177221
21 98 0.3
21 99 0.134438
21 100 0.164149
21 101 0.267176
21 102 0.309998
21 103 0.307304
21 105 0.083328
21 106 0.200693
21 107 0.134332
21 108 0.137501
21 109 0.0849869
21 110 0.131925
22 0 0.314434
22 1 0.283318
22 2 0.337453
22 3 0.311358
22 4 0.296713
22 10 0.36705
22 12 0.206155
22 15 0.143316
22 18 0.120148
22 24 0.269258
22 28 0.117845
22 31 0.328681
22 33 0.341949
22 35 0.111803
22 40 0.0235962
22 42 0.28528
22 43 0.358996
22 45 0.274861
22 49 0.354319
22 51 0.106695
22 53 0.263468
22 55 0.153662
22 58 0.224178
22 59 0.157266
22 62 0.179484
22 64 0.364005
22 68 0.157213
22 70 0.260299
22 72 0.327443
22 77 0.195052
22 79 0.360555
22 80 0.283804
22 81 0.167495
22 87 0.231507
22 90 0.323592
22 91 0.189997
22 93 0.321863
22 97 0.320156
22 98 0.0942361
22 100 0.311377
22 102 0.165018
22 104 0.117786
22 110 0.258065
23 8 0.330826
23 10 0.360555
23 11 0.208803
23 26 0.323592
23 34 0.365553
23 37 0.235669
23 38 0.0372797
23 52 0.343616
23 57 0.117883
23 61 0.04164
23 69 0.293848
23 73 0.142397
23 74 0.307319
23 78 0.356658
23 84 0.329964
23 89 0.300481
23 101 0.268776
23 103 0.2167
23 107 0.283853
23 109 0.370062
24 0 0.267121
24 1 0.2333
24 2 0.285254
24 4 0.339903
24 6 0.341969
24 7 0.271311
24 8 0.240352
24 10 0.143355
24 11 0.323598
24 13 0.300464
24 14 0.368933
24 21 0.20339
24 22 0.269258
24 25 0.236852
24 26 0.164121
24 28 0.177123
24 29 0.212132
24 30 0.351582
24 31 0.268675
24 32 0.310016
24 33 0.3333
24 34 0.22423
24 36 0.339903
24 40 0.247753
24 41 0.260344
24 42 0.137404
24 43 0.247735
24 45 0.167432
24 47 0.33328
24 49 0.333717
24 50 0.307293
24 51 0.365894
24 52 0.180278
24 53 0.332017
24 54 0.354219
24 55 0.240368
24 56 0.25
24 58 0.284738
24 59 0.117845
24 62 0.186278
24 64 0.223607
24 66 0.188536
24 67 0.313107
24 69 0.279983
24 70 0.271248
24 72 0.195048
24 75 0.32056
24 77 0.179445
24 78 0.260299
24 79 0.304138
24 80 0.285254
24 81 0.143316
24 84 0.217268
24 86 0.359783
24 87 0.222296
24 88 0.35313
24 89 0.174008
24 90 0.28379
24 93 0.222296
24 97 0.3
24 98 0.247721
24 99 0.316228
24 100 0.0526836
24 102 0.134372
24 104 0.343553
24 105 0.28377
24 107 0.253856
24 108 0.33541
24 109 0.271291
24 110 0.198627
25 0 0.157213
25 1 0.158114
25 2 0.153662
25 4 0.263526
25 5 0.260846
25 6 0.106737
25 7 0.0372797
25 8 0.0707107
25 10 0.105408
25 11 0.203464
25 13 0.0687516
25 14 0.169999
25 16 0.186306
25 17 0.268775
25 19 0.33541
25 21 0.0372797
25 24 0.236852
25 26 0.1167
25 27 0.1667
25 28 0.291075
25 29 0.0333
25 30 0.121366
25 31 0.143355
25 32 0.0745639
25 33 0.212132
25 34 0.0372395
25 36 0.171592
25 37 0.307325
25 41 0.0235962
25 42 0.126933
25 43 0.083336
25 45 0.134372
25 46 0.2
25 47 0.0971539
25 49 0.200691
25 50 0.0707107
25 52 0.0833
25 53 0.283318
25 54 0.188652
25 55 0.283822
25 56 0.0167
25 57 0.337453
25 58 0.263513
25 59 0.314487
25 62 0.233927
25 63 0.263551
25 64 0.0527152
25 65 0.21728
25 66 0.0527057
25 67 0.10138
25 69 0.115745
25 70 0.216654
25 71 0.238598
25 72 0.08333
25 74 0.2
25 75 0.1
25 77 0.217313
25 78 0.0527152
25 79 0.153684
25 80 0.20883
25 81 0.242676
25 84 0.0745639
25 86 0.179538
25 87 0.202753
25 88 0.153658
25 89 0.134338
25 90 0.166664
25 92 0.157203
25 93 0.105399
25 97 0.19005
25 98 0.333748
25 99 0.12696
25 100 0.194394
25 101 0.235694
25 102 0.346808
25 103 0.279377
25 105 0.0471145
25 106 0.184056
25 107 0.117825
25 108 0.1167
25 109 0.05
25 110 0.162086
26 0 0.240368
26 1 0.224252
26 2 0.246111
26 4 0.34362
26 5 0.368933
26 6 0.201443
26 7 0.137501
26 8 0.08336
26 10 0.0372797
26 11 0.16667
26 13 0.184156
26 14 0.285353
26 16 0.301846
26 21 0.105408
26 23 0.323592
26 24 0.164121
26 25 0.1167
26 27 0.2834
26 28 0.287708
26 29 0.0834
26 30 0.235768
26 31 0.231542
26 32 0.186404
26 33 0.305988
26 34 0.0850497
26 36 0.279415
26 37 0.304138
26 38 0.343155
26 41 0.134438
26 42 0.13439
26 43 0.179538
26 45 0.166664
26 46 0.3167
26 47 0.206155
26 49 0.298171
26 50 0.174037
26 52 0.0334
26 53 0.353553
26 54 0.29649
26 55 0.313164
26 56 0.1334
26 57 0.291052
26 58 0.320156
26 59 0.271317
26 61 0.3633
26 62 0.253856
26 63 0.365589
26 64 0.142462
26 65 0.321888
26 66 0.0687516
26 67 0.21734
26 69 0.116298
26 70 0.282843
26 71 0.353553
26 72 0.143397
26 74 0.231558
26 75 0.2167
26 77 0.238633
26 78 0.111803
26 79 0.25392
26 80 0.283846
26 81 0.238627
26 84 0.0600907
26 86 0.291136
26 87 0.25
26 88 0.268775
26 89 0.0235255
26 90 0.254432
26 92 0.263522
26 93 0.180278
26 97 0.277445
26 98 0.348007
26 99 0.238696
26 100 0.111803
26 101 0.247787
26 102 0.295321
26 103 0.268754
26 105 0.153658
26 106 0.300463
26 107 0.0897744
26 108 0.2334
26 109 0.12696
26 110 0.208307
27 0 0.157266
27 1 0.19005
27 2 0.13439
27 4 0.217313
27 5 0.134341
27 6 0.130169
27 7 0.153658
27 8 0.222394
27 10 0.268775
27 11 0.328777
27 13 0.10138
27 14 0.03333
27 16 0.037235
27 17 0.105408
27 19 0.200671
27 21 0.186404
27 25 0.1667
27 26 0.2834
27 28 0.367085
27 29 0.2
27 30 0.0600907
27 31 0.143414
27 32 0.105408
27 33 0.150927
27 34 0.200694
27 36 0.0849869
27 41 0.150923
27 42 0.246111
27 43 0.134402
27 44 0.306384
27 45 0.226743
27 46 0.0333
27 47 0.0972397
27 48 0.238601
27 49 0.134372
27 50 0.12696
27 52 0.25
27 53 0.252221
27 54 0.0900045
27 55 0.320587
27 56 0.15
27 58 0.263544
27 62 0.29678
27 63 0.158114
27 64 0.158114
27 65 0.117845
27 66 0.21734
27 67 0.0687516
27 69 0.245879
27 70 0.216692
27 71 0.08328
27 72 0.186367
27 74 0.260363
27 75 0.0667
27 76 0.277361
27 77 0.283869
27 78 0.190094
27 79 0.111803
27 80 0.195087
27 81 0.330028
27 82 0.367017
27 83 0.310117
27 84 0.235768
27 86 0.06667
27 87 0.240407
27 88 0.0372797
27 89 0.300463
27 90 0.149083
27 92 0.0897744
27 93 0.16672
27 94 0.364005
27 95 0.318394
27 97 0.158114
27 99 0.0707107
27 100 0.348074
27 101 0.307316
27 103 0.365531
27 105 0.137501
27 106 0.0235255
27 107 0.263522
27 108 0.05
27 109 0.174037
27 110 0.221494
28 0 0.212132
28 1 0.177189
28 2 0.235721
28 3 0.346865
28 4 0.226721
28 5 0.343184
28 7 0.327459
28 8 0.333748
28 10 0.252208
28 12 0.318427
28 13 0.328322
28 14 0.342017
28 15 0.223607
28 16 0.353553
28 18 0.222364
28 21 0.254951
28 22 0.117845
28 24 0.177123
28 25 0.291075
28 26 0.287708
28 27 0.367085
28 29 0.285292
28 30 0.365936
28 31 0.224222
28 32 0.343612
28 33 0.254432
28 34 0.301854
28 35 0.219229
28 36 0.294888
28 40 0.105399
28 41 0.311377
28 42 0.167495
28 43 0.24609
28 44 0.35
28 45 0.158114
28 47 0.365525
28 49 0.263551
28 50 0.353168
28 51 0.195096
28 52 0.283816
28 53 0.202758
28 54 0.302378
28 55 0.0834
28 56 0.29535
28 58 0.153658
28 59 0.101378
28 62 0.0707107
28 63 0.313197
28 64 0.247787
28 66 0.267182
28 67 0.314478
28 68 0.258745
28 70 0.171592
28 72 0.210829
28 75 0.328732
28 77 0.083328
28 78 0.337059
28 79 0.259317
28 80 0.194394
28 81 0.05
28 84 0.31666
28 86 0.318461
28 87 0.130169
28 88 0.330846
28 89 0.307304
28 90 0.224252
28 91 0.235728
28 93 0.20883
28 97 0.226743
28 98 0.0707107
28 99 0.29678
28 100 0.20883
28 102 0.1333
28 104 0.166672
28 105 0.332075
28 106 0.365524
28 107 0.367036
28 108 0.337508
28 109 0.339938
28 110 0.14678
29 0 0.177123
29 1 0.171578
29 2 0.177146
29 4 0.283804
29 5 0.291011
29 6 0.130169
29 7 0.0600907
29 8 0.0527152
29 10 0.0745639
29 11 0.186372
29 13 0.10138
29 14 0.202758
29 16 0.219149
29 17 0.301846
29 19 0.365498
29 21 0.037235
29 24 0.212132
29 25 0.0333
29 26 0.0834
29 27 0.2
29 28 0.285292
29 30 0.153658
29 31 0.164947
29 32 0.105408
29 33 0.236852
29 34 0.01667
29 36 0.201352
29 37 0.301854
29 41 0.0527057
29 42 0.117859
29 43 0.106695
29 45 0.134359
29 46 0.2333
29 47 0.126868
29 49 0.226662
29 50 0.0971539
29 52 0.05
29 53 0.300426
29 54 0.218497
29 55 0.287708
29 56 0.05
29 57 0.320587
29 58 0.275854
29 59 0.298175
29 62 0.23392
29 63 0.291548
29 64 0.0707107
29 65 0.246023
29 66 0.0235962
29 67 0.134338
29 69 0.103229
29 70 0.231507
29 71 0.271248
29 72 0.0897373
29 74 0.202753
29 75 0.1333
29 77 0.217305
29 78 0.0526836
29 79 0.180278
29 80 0.226669
29 81 0.235708
29 84 0.0471853
29 86 0.21082
29 87 0.210797
29 88 0.186306
29 89 0.10138
29 90 0.188536
29 92 0.186278
29 93 0.120148
29 97 0.212132
29 98 0.333743
29 99 0.158114
29 100 0.16672
29 101 0.23333
29 102 0.328732
29 103 0.271317
29 105 0.0744745
29 106 0.217241
29 107 0.0971797
29 108 0.15
29 109 0.060074
29 110 0.168463
30 0 0.169974
30 1 0.195087
30 2 0.150927
30 4 0.252208
30 5 0.189988
30 6 0.0707107
30 7 0.1
30 8 0.167531
30 10 0.226721
30 11 0.268803
30 13 0.0527025
30 14 0.083328
30 16 0.0942291
30 17 0.164145
30 19 0.259247
30 21 0.149128
30 24 0.351582
30 25 0.121366
30 26 0.235768
30 27 0.0600907
30 28 0.365936
30 29 0.153658
30 31 0.153674
30 32 0.05
30 33 0.18633
30 34 0.150922
30 36 0.12132
30 37 0.323649
30 41 0.101378
30 42 0.224252
30 43 0.120204
30 44 0.357812
30 45 0.213474
30 46 0.0897206
30 47 0.0373289
30 48 0.25771
30 49 0.169954
30 50 0.0687516
30 52 0.202758
30 53 0.283816
30 54 0.132744
30 55 0.332075
30 56 0.105408
30 58 0.285292
30 62 0.298166
30 63 0.20883
30 64 0.130169
30 65 0.106682
30 66 0.174037
30 67 0.0527152
30 69 0.186903
30 70 0.235708
30 71 0.143316
30 72 0.16501
30 74 0.203464
30 75 0.0372797
30 76 0.337444
30 77 0.283365
30 78 0.134438
30 79 0.13333
30 80 0.217303
30 81 0.32364
30 83 0.301775
30 84 0.1834
30 86 0.111803
30 87 0.247787
30 88 0.0745147
30 89 0.250554
30 90 0.167495
30 92 0.0526836
30 93 0.157266
30 94 0.3504
30 97 0.18333
30 99 0.08333
30 100 0.313197
30 101 0.25
30 103 0.307323
30 105 0.0834
30 106 0.08328
30 107 0.206155
30 108 0.03333
30 109 0.117885
30 110 0.219679
31 0 0.01666
31 1 0.0471145
31 2 0.0167
31 4 0.120204
31 5 0.15
31 6 0.200688
31 7 0.164121
31 8 0.213419
31 10 0.201357
31 11 0.346816
31 13 0.134369
31 14 0.117903
31 15 0.370053
31 16 0.130175
31 17 0.201448
31 19 0.219248
31 21 0.130175
31 22 0.328681
31 24 0.268675
31 25 0.143355
31 26 0.231542
31 27 0.143414
31 28 0.224222
31 29 0.164947
31 30 0.153674
31 32 0.150916
31 33 0.0745639
31 34 0.17713
31 36 0.0745684
31 40 0.323584
31 41 0.149047
31 42 0.1333
31 43 0.060074
31 44 0.260337
31 45 0.101378
31 46 0.165018
31 47 0.16667
31 49 0.0687491
31 50 0.169964
31 51 0.359776
31 52 0.20339
31 53 0.142397
31 54 0.0867037
31 55 0.179475
31 56 0.134341
31 58 0.13333
31 59 0.291548
31 62 0.153654
31 63 0.137501
31 64 0.0942361
31 65 0.253865
31 66 0.16664
31 67 0.101385
31 69 0.258798
31 70 0.08333
31 71 0.164149
31 72 0.0897243
31 74 0.327443
31 75 0.117859
31 76 0.318449
31 77 0.141421
31 78 0.194368
31 79 0.0373289
31 80 0.0687201
31 81 0.190025
31 84 0.212132
31 86 0.0972397
31 87 0.0971797
31 88 0.106745
31 89 0.254352
31 90 0.0235891
31 91 0.333748
31 92 0.206155
31 93 0.0527057
31 95 0.332113
31 97 0.0471853
31 98 0.238624
31 99 0.0745684
31 100 0.250555
31 101 0.368911
31 102 0.328686
31 104 0.304138
31 105 0.158114
31 106 0.141421
31 107 0.260299
31 108 0.121357
31 109 0.186327
31 110 0.081638
32 0 0.167485
32 1 0.184089
32 2 0.153652
32 4 0.263513
32 5 0.224178
32 6 0.05
32 7 0.05
32 8 0.117885
32 10 0.179534
32 11 0.226749
32 13 0.01666
32 14 0.120181
32 16 0.13431
32 17 0.210816
32 19 0.296713
32 21 0.106767
32 24 0.310016
32 25 0.0745639
32 26 0.186404
32 27 0.105408
32 28 0.343612
32 29 0.105408
32 30 0.05
32 31 0.150916
32 33 0.201367
32 34 0.101378
32 36 0.143347
32 37 0.298175
32 41 0.0527025
32 42 0.19005
32 43 0.101385
32 45 0.186363
32 46 0.137404
32 47 0.0235255
32 48 0.301554
32 49 0.186318
32 50 0.0235962
32 52 0.153658
32 53 0.291052
32 54 0.158212
32 55 0.320583
32 56 0.0600907
32 57 0.353553
32 58 0.283816
32 62 0.279398
32 63 0.236875
32 64 0.0971797
32 65 0.143322
32 66 0.12696
32 67 0.060074
32 69 0.14136
32 70 0.23392
32 71 0.186278
32 72 0.134382
32 74 0.179521
32 75 0.0471145
32 77 0.263544
32 78 0.0850497
32 79 0.142397
32 80 0.219204
32 81 0.298166
32 83 0.330542
32 84 0.1334
32 86 0.141421
32 87 0.235708
32 88 0.106689
32 89 0.200693
32 90 0.169954
32 92 0.08328
32 93 0.13745
32 97 0.190026
32 99 0.0971797
32 100 0.268798
32 101 0.223607
32 103 0.277394
32 105 0.0334
32 106 0.126868
32 107 0.158114
32 108 0.0600907
32 109 0.0687516
32 110 0.201467
33 0 0.0687516
33 1 0.1
33 2 0.0600907
33 3 0.339938
33 4 0.06667
33 5 0.0897206
33 6 0.247753
33 7 0.226669
33 8 0.282843
33 10 0.275884
33 13 0.186327
33 14 0.117859
33 15 0.353168
33 16 0.121329
33 17 0.165018
33 19 0.15
33 21 0.203472
33 22 0.341949
33 24 0.3333
33 25 0.212132
33 26 0.305988
33 27 0.150927
33 28 0.254432
33 29 0.236852
33 30 0.18633
33 31 0.0745639
33 32 0.201367
33 34 0.247745
33 36 0.06667
33 40 0.341969
33 41 0.213419
33 42 0.202758
33 43 0.130169
33 44 0.188536
33 45 0.167531
33 46 0.158114
33 47 0.210829
33 48 0.368185
33 49 0.01667
33 50 0.223607
33 51 0.3504
33 52 0.277361
33 53 0.101385
33 54 0.0620455
33 55 0.188536
33 56 0.200671
33 58 0.120204
33 59 0.337507
33 62 0.186367
33 63 0.0667
33 64 0.16664
33 65 0.268741
33 66 0.240368
33 67 0.142397
33 69 0.325301
33 70 0.08336
33 71 0.130149
33 72 0.164149
33 75 0.158114
33 76 0.25
33 77 0.179538
33 78 0.260363
33 79 0.060074
33 80 0.0600907
33 81 0.23217
33 82 0.311358
33 84 0.283846
33 86 0.0849869
33 87 0.12696
33 88 0.11667
33 89 0.328691
33 90 0.0527057
33 91 0.304138
33 92 0.233927
33 93 0.12696
33 95 0.258737
33 97 0.0333
33 98 0.247788
33 99 0.105399
33 100 0.320623
33 104 0.291087
33 105 0.217322
33 106 0.137426
33 107 0.329957
33 108 0.153652
33 109 0.25
33 110 0.13548
34 0 0.189988
34 1 0.186327
34 2 0.188543
34 4 0.296726
34 5 0.298086
34 6 0.120181
34 7 0.0527025
34 8 0.0372797
34 10 0.08336
34 11 0.171626
34 13 0.1
34 14 0.206155
34 16 0.222296
34 17 0.304138
34 21 0.0526836
34 23 0.365553
34 24 0.22423
34 25 0.0372395
34 26 0.0850497
34 27 0.200694
34 28 0.301854
34 29 0.01667
34 30 0.150922
34 31 0.17713
34 32 0.101378
34 33 0.247745
34 36 0.208803
34 37 0.285292
34 41 0.05
34 42 0.134382
34 43 0.117832
34 45 0.150916
34 46 0.233895
34 47 0.12127
34 49 0.236852
34 50 0.0897206
34 52 0.0527057
34 53 0.314434
34 54 0.225875
34 55 0.304138
34 56 0.0527057
34 57 0.305954
34 58 0.291047
34 59 0.313173
34 62 0.250551
34 63 0.300464
34 64 0.083336
34 65 0.23857
34 66 0.0372887
34 67 0.137406
34 69 0.0871257
34 70 0.246052
34 71 0.27481
34 72 0.105399
34 74 0.18633
34 75 0.134338
34 77 0.23393
34 78 0.037235
34 79 0.190031
34 80 0.240352
34 81 0.252221
34 84 0.0373245
34 86 0.216669
34 87 0.226675
34 88 0.189997
34 89 0.1
34 90 0.200671
34 92 0.179441
34 93 0.134341
34 97 0.22423
34 98 0.350393
34 99 0.164149
34 100 0.177221
34 101 0.21666
34 102 0.343204
34 103 0.254951
34 105 0.0686521
34 106 0.219151
34 107 0.083328
34 108 0.150923
34 109 0.0471145
34 110 0.184495
35 1 0.359776
35 3 0.250555
35 4 0.337453
35 9 0.365498
35 12 0.1
35 15 0.0686546
35 18 0.0166
35 22 0.111803
35 28 0.219229
35 40 0.13439
35 45 0.367046
35 51 0.0471145
35 53 0.300426
35 55 0.222364
35 58 0.275854
35 59 0.268772
35 60 0.305901
35 62 0.267186
35 68 0.0471145
35 70 0.321863
35 77 0.283816
35 80 0.343582
35 81 0.268754
35 87 0.307304
35 91 0.142369
35 98 0.167495
35 102 0.273377
35 104 0.106674
35 110 0.342037
36 0 0.08336
36 1 0.120187
36 2 0.0600962
36 4 0.13334
36 5 0.0897243
36 6 0.186318
36 7 0.17714
36 8 0.240368
36 10 0.254951
36 11 0.365553
36 13 0.130149
36 14 0.0527152
36 16 0.060074
36 17 0.12696
36 19 0.164149
36 21 0.174037
36 24 0.339903
36 25 0.171592
36 26 0.279415
36 27 0.0849869
36 28 0.294888
36 29 0.201352
36 30 0.12132
36 31 0.0745684
36 32 0.143347
36 33 0.06667
36 34 0.208803
36 41 0.16664
36 42 0.20276
36 43 0.101378
36 44 0.240352
36 45 0.174037
36 46 0.0971797
36 47 0.149083
36 48 0.312581
36 49 0.05
36 50 0.166664
36 52 0.247735
36 53 0.167505
36 54 0.0171502
36 55 0.240352
36 56 0.157203
36 58 0.179521
36 59 0.36594
36 62 0.224252
36 63 0.0943068
36 64 0.137404
36 65 0.202753
36 66 0.210816
36 67 0.083328
36 69 0.277297
36 70 0.13439
36 71 0.0897206
36 72 0.15
36 74 0.320587
36 75 0.0971797
36 76 0.258737
36 77 0.213468
36 78 0.213461
36 79 0.0372395
36 80 0.111803
36 81 0.263551
36 82 0.33541
36 84 0.246107
36 86 0.0235891
36 87 0.165018
36 88 0.05
36 89 0.300431
36 90 0.0707107
36 91 0.370063
36 92 0.167495
36 93 0.117885
36 95 0.283336
36 97 0.0745237
36 98 0.300481
36 99 0.0471145
36 100 0.317138
36 101 0.365886
36 104 0.353178
36 105 0.16501
36 106 0.0745147
36 107 0.286713
36 108 0.0897373
36 109 0.200691
36 110 0.155943
37 6 0.254443
37 7 0.279407
37 8 0.250557
37 10 0.334989
37 11 0.142397
37 13 0.313164
37 21 0.337059
37 23 0.235669
37 25 0.307325
37 26 0.304138
37 29 0.301854
37 30 0.323649
37 32 0.298175
37 34 0.285292
37 38 0.2166
37 41 0.29535
37 47 0.291548
37 50 0.275897
37 52 0.300459
37 56 0.311377
37 57 0.117786
37 61 0.26673
37 64 0.359799
37 65 0.310016
37 66 0.31711
37 67 0.357867
37 69 0.199918
37 73 0.208803
37 74 0.120204
37 75 0.343204
37 78 0.254951
37 83 0.340416
37 84 0.26667
37 85 0.337507
37 89 0.291052
37 92 0.294866
37 94 0.337128
37 101 0.0745684
37 103 0.037235
37 105 0.284803
37 107 0.217305
37 108 0.351618
37 109 0.258745
38 8 0.341949
38 11 0.213383
38 23 0.0372797
38 26 0.343155
38 37 0.2166
38 52 0.360555
38 57 0.10138
38 61 0.0506891
38 69 0.301228
38 73 0.105399
38 74 0.300431
38 78 0.36548
38 84 0.343553
38 89 0.320587
38 101 0.258737
38 103 0.202758
38 107 0.294866
39 3 0.212132
39 9 0.0687516
39 15 0.365589
39 44 0.359799
39 60 0.134438
39 91 0.323634
39 96 0.0666
40 0 0.309998
40 1 0.277386
40 2 0.333328
40 3 0.332113
40 4 0.300459
40 10 0.35
40 12 0.226704
40 15 0.16664
40 18 0.143355
40 21 0.359776
40 22 0.0235962
40 24 0.247753
40 28 0.105399
40 31 0.323584
40 33 0.341969
40 35 0.13439
40 42 0.271307
40 43 0.350391
40 45 0.263513
40 49 0.353553
40 51 0.130175
40 53 0.268711
40 55 0.153684
40 58 0.226662
40 59 0.134382
40 62 0.171578
40 64 0.353168
40 66 0.370053
40 68 0.180278
40 70 0.259247
40 72 0.316228
40 77 0.186318
40 79 0.3567
40 80 0.282843
40 81 0.153652
40 87 0.226669
40 90 0.320156
40 91 0.21082
40 93 0.313121
40 97 0.318436
40 98 0.0971539
