17 -1
0 25441 1.1531
1 25445 1.44863
2 25478 1.23506
3 25485 0.942014
4 25498 0.783436
5 25537 1.17475
6 25539 1.54787
7 25542 0.800269
8 25601 1.24202
9 25631 0.818426
10 25632 1.18403
11 25678 0.844816
12 25690 1.36833
13 25694 1.40792
14 25742 1.46491
15 25777 0.90261
16 25883 0.94263
0 1 0.0600907
0 3 0.167505
0 5 0.195087
0 6 0.0471145
0 7 0.184089
0 9 0.137426
0 10 0.153652
0 11 0.105399
0 12 0.166664
0 13 0.142397
0 14 0.158114
0 15 0.217322
0 16 0.164161
1 0 0.0600907
1 3 0.137435
1 4 0.202758
1 5 0.150927
1 6 0.0167
1 7 0.153652
1 9 0.186318
1 10 0.143355
1 11 0.106695
1 12 0.180278
1 13 0.1
1 14 0.11667
1 15 0.224252
1 16 0.117859
3 0 0.167505
3 1 0.137435
3 5 0.0527025
3 6 0.134369
3 7 0.01666
3 10 0.0527057
3 11 0.083336
3 12 0.121369
3 13 0.0471216
3 14 0.0372395
3 15 0.134436
3 16 0.0527057
4 1 0.202758
4 6 0.219248
5 0 0.195087
5 1 0.150927
5 3 0.0527025
5 6 0.153674
5 7 0.05
5 10 0.105408
5 11 0.130169
5 12 0.174037
5 13 0.0527152
5 14 0.0372797
5 15 0.1834
5 16 0.03333
6 0 0.0471145
6 1 0.0167
6 3 0.134369
6 4 0.219248
6 5 0.153674
6 7 0.150916
6 9 0.179475
6 10 0.134341
6 11 0.0942361
6 12 0.16664
6 13 0.101385
6 14 0.117859
6 15 0.212132
6 16 0.121357
7 0 0.184089
7 1 0.153652
7 3 0.01666
7 5 0.05
7 6 0.150916
7 10 0.0600907
7 11 0.0971797
7 12 0.12696
7 13 0.060074
7 14 0.0471145
7 15 0.1334
7 16 0.0600907
8 9 0.184099
9 0 0.137426
9 1 0.186318
9 6 0.179475
9 8 0.184099
10 0 0.153652
10 1 0.143355
10 3 0.0527057
10 5 0.105408
10 6 0.134341
10 7 0.0600907
10 11 0.05
10 12 0.0687516
10 13 0.0849516
10 14 0.0833
10 15 0.0898134
10 16 0.1
11 0 0.105399
11 1 0.106695
11 3 0.083336
11 5 0.130169
11 6 0.0942361
11 7 0.0971797
11 10 0.05
11 12 0.0745639
11 13 0.0897206
11 14 0.0971539
11 15 0.117896
11 16 0.111803
12 0 0.166664
12 1 0.180278
12 3 0.121369
12 5 0.174037
12 6 0.16664
12 7 0.12696
12 10 0.0687516
12 11 0.0745639
12 13 0.15
12 14 0.150923
12 15 0.0527152
12 16 0.167531
13 0 0.142397
13 1 0.1
13 3 0.0471216
13 5 0.0527152
13 6 0.101385
13 7 0.060074
13 10 0.0849516
13 11 0.0897206
13 12 0.15
13 14 0.01667
13 15 0.174037
13 16 0.0235962
14 0 0.158114
14 1 0.11667
14 3 0.0372395
14 5 0.0372797
14 6 0.117859
14 7 0.0471145
14 10 0.0833
14 11 0.0971539
14 12 0.150923
14 13 0.01667
14 15 0.169999
14 16 0.0167
15 0 0.217322
15 1 0.224252
15 3 0.134436
15 5 0.1834
15 6 0.212132
15 7 0.1334
15 10 0.0898134
15 11 0.117896
15 12 0.0527152
15 13 0.174037
15 14 0.169999
15 16 0.186404
16 0 0.164161
16 1 0.117859
16 3 0.0527057
16 5 0.03333
16 6 0.121357
16 7 0.0600907
16 10 0.1
16 11 0.111803
16 12 0.167531
16 13 0.0235962
16 14 0.0167
16 15 0.186404
-1