116 -1
0 33565 1.83384
1 33566 2.30383
2 33567 1.96419
3 33568 1.49813
4 33569 1.24594
5 33570 1.86827
6 33572 2.46166
7 33574 1.27271
8 33575 1.97525
9 33576 1.30159
10 33577 1.88302
11 33578 1.34355
12 33579 2.17613
13 33580 2.2391
14 33581 2.32972
15 33583 1.43547
16 33584 1.49911
17 33585 2.2048
18 33586 2.20605
19 33587 1.31552
20 33588 1.76679
21 33589 1.29916
22 33591 1.65381
23 33592 1.86213
24 33593 1.25309
25 33594 1.55568
26 33595 1.68188
27 33596 2.16994
28 33597 1.27763
29 33598 1.32263
30 33600 1.45724
31 33602 1.87814
32 33603 2.39313
33 33605 2.1881
34 33606 2.14295
35 33608 2.40574
36 33610 1.58971
37 33611 2.13795
38 33612 2.44512
39 33614 2.33164
40 33615 2.20621
41 33616 1.86149
42 33618 2.44187
43 33619 1.91569
44 33620 1.63393
45 33621 2.30493
46 33622 2.11783
47 33624 1.89972
48 33625 2.04308
49 33626 1.85722
50 33627 1.98191
51 33628 1.34322
52 33630 1.92306
53 33631 2.40239
54 33632 1.97202
55 33633 1.94282
56 33634 1.49142
57 33635 2.42057
58 33636 1.64611
59 33637 1.53573
60 33638 1.27655
61 33640 1.87003
62 33641 2.18054
63 33642 2.43635
64 33643 1.59147
65 33644 1.85684
66 33647 2.37544
67 33648 1.94786
68 33649 1.52814
69 33651 2.35391
70 33652 1.81284
71 33653 1.2677
72 33654 1.74874
73 33656 1.78806
74 33657 1.95006
75 33661 2.14935
76 33663 1.62634
77 33664 1.60123
78 33665 1.58241
79 33668 2.43609
80 33669 2.22513
81 33670 2.331
82 33671 1.31265
83 33673 1.68153
84 33675 2.26674
85 33676 2.05134
86 33677 2.39102
87 33678 1.29151
88 33679 2.00526
89 33680 1.57048
90 33681 1.59391
91 33682 2.04848
92 33683 2.20718
93 33687 1.3078
94 33688 2.01818
95 33689 1.332
96 33690 1.93131
97 33691 1.92696
98 33692 2.04653
99 33693 2.22613
100 33694 1.81422
101 33698 1.39272
102 33700 2.2605
103 33701 2.32963
104 33702 1.94745
105 33703 1.7439
106 33704 2.01232
107 33705 2.34046
108 33706 2.11181
109 33707 2.36141
110 33708 2.3099
111 33709 1.87028
112 33711 2.22575
113 33713 2.38922
114 33714 2.31848
115 33717 2.02583
0 1 0.237224
0 2 0.324893
0 7 0.0759468
0 8 0.293169
0 9 0.235127
0 12 0.354562
0 13 0.179795
0 14 0.354829
0 15 0.358677
0 16 0.163952
0 18 0.357413
0 21 0.201653
0 25 0.0727213
0 28 0.228711
0 29 0.364653
0 30 0.049399
0 32 0.347051
0 33 0.178062
0 36 0.229512
0 39 0.369823
0 41 0.196192
0 45 0.350299
0 47 0.117991
0 48 0.104595
0 49 0.33141
0 50 0.358328
0 54 0.150333
0 57 0.168628
0 61 0.301178
0 63 0.232989
0 64 0.132779
0 66 0.12813
0 69 0.209441
0 73 0.19713
0 74 0.191164
0 76 0.320514
0 78 0.31867
0 82 0.353794
0 84 0.257848
0 88 0.328278
0 89 0.30797
0 90 0.145646
0 91 0.318638
0 92 0.272502
0 93 0.206882
0 96 0.298256
0 99 0.280102
0 101 0.234935
0 103 0.268924
0 104 0.108462
0 108 0.362098
0 110 0.312473
0 113 0.235636
0 115 0.173587
1 0 0.237224
1 2 0.1
1 5 0.348007
1 6 0.273369
1 7 0.242639
1 8 0.36893
1 9 0.30067
1 12 0.121366
1 14 0.321899
1 15 0.24609
1 16 0.242686
1 18 0.210829
1 20 0.320587
1 21 0.31135
1 22 0.175307
1 24 0.283804
1 25 0.179538
1 26 0.208803
1 27 0.170001
1 28 0.0527152
1 29 0.235728
1 30 0.212132
1 32 0.117883
1 33 0.101378
1 36 0.106689
1 45 0.306432
1 47 0.186327
1 48 0.286769
1 49 0.213419
1 50 0.16666
1 51 0.2
1 52 0.350391
1 54 0.346816
1 55 0.2
1 56 0.226721
1 57 0.3
1 60 0.272196
1 61 0.235721
1 63 0.0471145
1 64 0.304138
1 66 0.250555
1 69 0.149038
1 73 0.15
1 74 0.0471216
1 76 0.08336
1 78 0.158114
1 79 0.158114
1 82 0.33082
1 84 0.0745147
1 86 0.201357
1 88 0.117849
1 89 0.238633
1 90 0.343561
1 91 0.269258
1 92 0.0527057
1 93 0.111803
1 95 0.291075
1 96 0.12132
1 99 0.06666
1 100 0.31135
1 101 0.194394
1 102 0.267182
1 103 0.268711
1 104 0.130175
1 106 0.143347
1 108 0.134337
1 109 0.247739
1 110 0.258936
1 111 0.314487
1 112 0.240374
2 0 0.324893
2 1 0.1
2 6 0.226695
2 7 0.339903
2 9 0.326194
2 12 0.0372797
2 14 0.300464
2 15 0.306432
2 16 0.286769
2 18 0.260363
2 21 0.351566
2 22 0.0754478
2 24 0.232131
2 25 0.274907
2 26 0.130149
2 27 0.0745684
2 28 0.0971539
2 29 0.179521
2 30 0.291548
2 32 0.0235891
2 33 0.200693
2 36 0.195045
2 47 0.247745
2 48 0.354368
2 49 0.169964
2 50 0.194359
2 51 0.1
2 52 0.320583
2 55 0.223607
2 56 0.134397
2 60 0.20681
2 61 0.314491
2 63 0.137404
2 66 0.350397
2 69 0.242636
2 73 0.180278
2 74 0.137406
2 76 0.060074
2 78 0.212132
2 79 0.0707107
2 81 0.356299
2 84 0.149038
2 86 0.117832
2 88 0.143347
2 89 0.21667
2 91 0.25
2 92 0.0527057
2 93 0.206155
2 95 0.28528
2 96 0.17714
2 99 0.120181
2 100 0.351566
2 101 0.284831
2 102 0.291078
2 103 0.358979
2 104 0.216669
2 106 0.117849
2 108 0.037235
2 109 0.157208
2 110 0.240016
2 111 0.274885
2 112 0.166672
3 5 0.236875
3 6 0.321899
3 10 0.318449
3 11 0.111803
3 15 0.343204
3 17 0.0833
3 18 0.33748
3 19 0.0897466
3 20 0.307316
3 23 0.25
3 34 0.0849516
3 35 0.313107
3 37 0.3667
3 40 0.223607
3 42 0.286713
3 43 0.206155
3 44 0.208803
3 46 0.3333
3 50 0.353553
3 52 0.223607
3 55 0.320583
3 62 0.194394
3 65 0.291037
3 68 0.350427
3 70 0.254951
3 71 0.21734
3 72 0.27375
3 77 0.0235891
3 81 0.203456
3 83 0.060074
3 85 0.233894
3 87 0.083328
3 94 0.286769
3 95 0.233927
3 97 0.0942998
3 98 0.0600962
3 100 0.254382
3 102 0.258745
3 105 0.101385
3 107 0.121369
3 114 0.328691
4 5 0.201352
4 7 0.320593
4 8 0.149092
4 10 0.23392
4 15 0.169903
4 18 0.222296
4 20 0.137404
4 25 0.337454
4 33 0.296726
4 35 0.142397
4 36 0.271318
4 37 0.268744
4 39 0.0471923
4 40 0.213411
4 42 0.141421
4 43 0.254382
4 45 0.074479
4 46 0.26666
4 50 0.295304
4 55 0.287678
4 57 0.250557
4 61 0.143322
4 62 0.23565
4 63 0.330826
4 64 0.300464
4 65 0.206155
4 66 0.268741
4 69 0.236883
4 70 0.232122
4 71 0.306384
4 75 0.219219
4 78 0.253828
4 82 0.0471216
4 84 0.310022
4 85 0.269258
4 88 0.328298
4 90 0.337069
4 93 0.271291
4 95 0.351583
4 96 0.283336
4 97 0.33328
4 99 0.33745
4 100 0.206155
4 101 0.189988
4 102 0.26712
4 103 0.126933
5 1 0.348007
5 3 0.236875
5 4 0.201352
5 6 0.291103
5 8 0.330826
5 10 0.224252
5 11 0.300459
5 15 0.117859
5 17 0.296713
5 18 0.137426
5 19 0.323592
5 20 0.0707107
5 23 0.337059
5 26 0.367017
5 33 0.31667
5 34 0.210829
5 35 0.142369
5 36 0.267192
5 37 0.283846
5 39 0.246111
5 40 0.0971797
5 42 0.0849516
5 43 0.142397
5 44 0.28528
5 45 0.165018
5 46 0.259247
5 50 0.194368
5 52 0.250555
5 53 0.367021
5 55 0.166664
5 61 0.179521
5 62 0.0849869
5 63 0.307325
5 65 0.177146
5 69 0.268741
5 70 0.166664
5 71 0.210829
5 75 0.254432
5 76 0.328732
5 77 0.213419
5 78 0.190026
5 81 0.26722
5 82 0.190031
5 83 0.296718
5 84 0.274885
5 85 0.186327
5 87 0.231542
5 88 0.246099
5 93 0.28333
5 95 0.174037
5 96 0.226704
5 97 0.143355
5 98 0.294866
5 99 0.284803
5 100 0.0372797
5 101 0.242676
5 102 0.106695
5 103 0.240352
5 105 0.313121
5 106 0.283804
5 107 0.219214
6 1 0.273369
6 2 0.226695
6 3 0.321899
6 5 0.291103
6 12 0.190026
6 15 0.2834
6 17 0.301854
6 18 0.233994
6 20 0.323641
6 22 0.222932
6 26 0.117835
6 27 0.25
6 28 0.305954
6 32 0.206155
6 33 0.33336
6 36 0.291548
6 50 0.174037
6 51 0.219204
6 52 0.101385
6 55 0.16753
6 56 0.158114
6 61 0.337128
6 62 0.346865
6 63 0.271311
6 69 0.33541
6 74 0.320156
6 76 0.194359
6 77 0.313173
6 78 0.226721
6 79 0.167495
6 81 0.13334
6 83 0.359799
6 84 0.25
6 86 0.300459
6 87 0.242686
6 88 0.180278
6 92 0.260887
6 93 0.314491
6 95 0.120187
6 96 0.223607
6 97 0.296788
6 98 0.339948
6 99 0.224252
6 100 0.263525
6 101 0.353221
6 102 0.190094
6 106 0.130214
6 108 0.20277
6 109 0.307304
6 112 0.351581
7 0 0.0759468
7 1 0.242639
7 2 0.339903
7 4 0.320593
7 8 0.217322
7 9 0.308848
7 12 0.364005
7 13 0.216692
7 15 0.306384
7 16 0.235657
7 18 0.314434
7 20 0.359776
7 21 0.277386
7 25 0.0666
7 28 0.250555
7 30 0.117825
7 32 0.359783
7 33 0.157203
7 36 0.200691
7 39 0.29535
7 41 0.163663
7 45 0.283816
7 47 0.180278
7 48 0.179484
7 50 0.329957
7 54 0.219214
7 55 0.354319
7 57 0.0943068
7 61 0.242649
7 63 0.223607
7 64 0.0687516
7 66 0.0527152
7 69 0.166664
7 73 0.247735
7 74 0.202758
7 76 0.321888
7 78 0.283804
7 82 0.283822
7 84 0.240368
7 88 0.310016
7 89 0.365498
7 90 0.10138
7 92 0.287678
7 93 0.177146
7 96 0.271311
7 99 0.268711
7 101 0.179484
7 103 0.2
7 104 0.134338
7 106 0.365849
7 113 0.236929
7 115 0.16672
8 0 0.293169
8 1 0.36893
8 4 0.149092
8 5 0.330826
8 7 0.217322
8 15 0.253828
8 18 0.295304
8 20 0.260344
8 25 0.259247
8 30 0.333328
8 33 0.269258
8 35 0.291087
8 36 0.271346
8 39 0.105399
8 40 0.360555
8 41 0.230099
8 42 0.286769
8 45 0.16664
8 50 0.353553
8 55 0.359785
8 57 0.126923
8 61 0.189997
8 63 0.327479
8 64 0.173999
8 65 0.353178
8 66 0.166664
8 69 0.222394
8 74 0.350427
8 75 0.351581
8 78 0.301847
8 82 0.141421
8 84 0.320623
8 88 0.3667
8 90 0.200696
8 93 0.258735
8 96 0.3167
8 99 0.353553
8 100 0.323639
8 101 0.184056
8 102 0.365498
8 103 0.117885
8 104 0.320156
8 113 0.339938
8 115 0.283822
9 0 0.235127
9 1 0.30067
9 2 0.326194
9 7 0.308848
9 12 0.363424
9 13 0.288536
9 14 0.146702
9 16 0.075369
9 21 0.0533065
9 22 0.357759
9 24 0.228699
9 25 0.269709
9 27 0.330691
9 28 0.253509
9 29 0.237165
9 30 0.191446
9 32 0.348238
9 33 0.323494
9 36 0.369692
9 47 0.142819
9 48 0.151725
9 49 0.210293
9 54 0.170735
9 60 0.266179
9 63 0.332516
9 64 0.367404
9 66 0.358059
9 73 0.152157
9 74 0.26585
9 76 0.362313
9 84 0.365845
9 86 0.303446
9 89 0.153968
9 91 0.138988
9 92 0.293609
9 93 0.356118
9 99 0.367058
9 104 0.226898
9 108 0.35555
9 109 0.340455
9 110 0.140289
9 111 0.199367
9 112 0.283548
9 115 0.361833
10 3 0.318449
10 4 0.23392
10 5 0.224252
10 11 0.298171
10 15 0.305962
10 18 0.346808
10 19 0.368933
10 20 0.231558
10 23 0.217322
10 31 0.258719
10 34 0.238696
10 35 0.10543
10 37 0.0600907
10 39 0.271317
10 40 0.134402
10 42 0.157266
10 43 0.117885
10 44 0.188607
10 45 0.271317
10 46 0.037235
10 53 0.149038
10 58 0.316847
10 59 0.190026
10 61 0.332084
10 62 0.164149
10 65 0.0471853
10 67 0.271317
10 68 0.18333
10 70 0.0687516
10 71 0.111803
10 72 0.270894
10 75 0.0527057
10 77 0.300463
10 80 0.210028
10 82 0.267192
10 83 0.359783
10 85 0.0850497
10 87 0.368212
10 94 0.305962
10 97 0.252212
10 100 0.259317
10 102 0.330826
10 103 0.35159
10 105 0.328294
10 107 0.21082
10 114 0.20277
11 3 0.111803
11 5 0.300459
11 10 0.298171
11 17 0.16664
11 19 0.0849497
11 20 0.365525
11 23 0.158114
11 31 0.35313
11 34 0.0897373
11 35 0.329957
11 37 0.332113
11 40 0.25
11 42 0.323584
11 43 0.212132
11 44 0.1333
11 46 0.300431
11 52 0.33541
11 53 0.3333
11 58 0.289134
11 59 0.320623
11 62 0.231558
11 65 0.286713
11 67 0.343625
11 68 0.271346
11 70 0.25
11 71 0.186367
11 72 0.168799
11 75 0.350427
11 77 0.12132
11 80 0.330658
11 81 0.314478
11 83 0.0971539
11 85 0.217275
11 87 0.194359
11 94 0.177196
11 95 0.339938
11 97 0.167495
11 98 0.120181
11 100 0.327433
11 102 0.350398
11 105 0.0333
11 107 0.0942998
11 114 0.242639
12 0 0.354562
12 1 0.121366
12 2 0.0372797
12 6 0.190026
12 7 0.364005
12 9 0.363424
12 14 0.33333
12 15 0.296792
12 16 0.323649
12 18 0.247819
12 20 0.365553
12 22 0.0705533
12 24 0.258719
12 25 0.300525
12 26 0.0942361
12 27 0.083336
12 28 0.130169
12 29 0.206155
12 30 0.323634
12 32 0.01667
12 33 0.21734
12 36 0.202758
12 47 0.282843
12 49 0.200688
12 50 0.177189
12 51 0.0897206
12 52 0.28528
12 55 0.203464
12 56 0.105408
12 60 0.22894
12 61 0.313197
12 63 0.15
12 69 0.252212
12 73 0.217322
12 74 0.164149
12 76 0.0527057
12 78 0.203472
12 79 0.0372395
12 81 0.320593
12 84 0.153658
12 86 0.134341
12 88 0.130169
12 89 0.250557
12 91 0.283822
12 92 0.08336
12 93 0.21734
12 95 0.254951
12 96 0.171592
12 99 0.121366
12 100 0.333336
12 101 0.291136
12 102 0.268772
12 103 0.364005
12 104 0.246111
12 106 0.0897744
12 108 0.0235255
12 109 0.164947
12 110 0.274025
12 111 0.304138
12 112 0.186327
13 0 0.179795
13 7 0.216692
13 9 0.288536
13 16 0.252212
13 21 0.235768
13 25 0.25
13 30 0.203472
13 33 0.3567
13 41 0.173734
13 47 0.25392
13 48 0.153658
13 54 0.117885
13 57 0.267192
13 64 0.217313
13 66 0.258745
13 73 0.337507
13 74 0.367095
13 90 0.18408
13 104 0.283846
13 113 0.111803
13 115 0.111803
14 0 0.354829
14 1 0.321899
14 2 0.300464
14 9 0.146702
14 12 0.33333
14 16 0.195139
14 21 0.2
14 22 0.299656
14 24 0.106674
14 25 0.367095
14 27 0.271307
14 28 0.269258
14 29 0.142397
14 30 0.305988
14 32 0.31666
14 47 0.240368
14 48 0.291134
14 49 0.134359
14 51 0.31135
14 54 0.317138
14 60 0.152174
14 63 0.365525
14 73 0.19005
14 74 0.305954
14 76 0.353553
14 79 0.351581
14 86 0.226665
14 89 0.0849869
14 91 0.0527152
14 92 0.291075
14 104 0.306432
14 108 0.317095
14 109 0.246043
14 110 0.0630892
14 111 0.0600907
14 112 0.186318
15 0 0.358677
15 1 0.24609
15 2 0.306432
15 3 0.343204
15 4 0.169903
15 5 0.117859
15 6 0.2834
15 7 0.306384
15 8 0.253828
15 10 0.305962
15 12 0.296792
15 18 0.0527025
15 20 0.0745237
15 22 0.367195
15 25 0.287708
15 26 0.321884
15 28 0.298166
15 30 0.368169
15 32 0.307369
15 33 0.200696
15 34 0.327468
15 35 0.203407
15 36 0.153674
15 37 0.360555
15 39 0.2
15 40 0.202753
15 42 0.149047
15 43 0.252208
15 45 0.1
15 46 0.343155
15 50 0.12696
15 52 0.284831
15 55 0.117883
15 56 0.365589
15 57 0.283796
15 61 0.0707107
15 62 0.2
15 63 0.201409
15 64 0.323584
15 65 0.260851
15 66 0.268722
15 69 0.150916
15 70 0.263513
15 71 0.320593
15 74 0.263544
15 75 0.320156
15 76 0.247813
15 77 0.320596
15 78 0.0942998
15 79 0.314491
15 81 0.313201
15 82 0.1333
15 84 0.171626
15 85 0.291062
15 87 0.318444
15 88 0.16672
15 92 0.286761
15 93 0.167495
15 95 0.195142
15 96 0.130214
15 97 0.253865
15 99 0.19005
15 100 0.0897837
15 101 0.126923
15 102 0.111803
15 103 0.143316
15 104 0.300464
15 106 0.223607
15 107 0.337069
15 108 0.320156
16 0 0.163952
16 1 0.242686
16 2 0.286769
16 7 0.235657
16 9 0.075369
16 12 0.323649
16 13 0.252212
16 14 0.195139
16 21 0.0686958
16 22 0.331887
16 24 0.250555
16 25 0.194368
16 27 0.307369
16 28 0.201418
16 29 0.242735
16 30 0.117832
16 32 0.310057
16 33 0.252208
16 36 0.300459
16 41 0.347249
16 47 0.0687055
16 48 0.1
16 49 0.21082
16 51 0.354368
16 54 0.142369
16 57 0.329964
16 60 0.279002
16 63 0.268754
16 64 0.296719
16 66 0.283804
16 69 0.307304
16 73 0.106745
16 74 0.20277
16 76 0.313173
16 79 0.356708
16 84 0.301854
16 86 0.291548
16 88 0.359799
16 89 0.167531
16 90 0.305901
16 91 0.16753
16 92 0.246099
16 93 0.28529
16 96 0.35159
16 99 0.307325
16 101 0.348017
16 104 0.153652
16 108 0.320156
16 109 0.33541
16 110 0.164035
16 111 0.235768
16 112 0.284831
16 113 0.350397
16 115 0.307319
17 3 0.0833
17 5 0.296713
17 6 0.301854
17 11 0.16664
17 19 0.0971882
17 20 0.367017
17 23 0.32056
17 34 0.167432
17 40 0.300431
17 42 0.357786
17 43 0.287678
17 44 0.284738
17 52 0.200696
17 55 0.343573
17 62 0.269258
17 70 0.33703
17 71 0.300463
17 72 0.335433
17 77 0.101378
17 81 0.169974
17 83 0.0707107
17 85 0.317038
17 87 0.0745147
17 94 0.341976
17 95 0.242649
17 97 0.164145
17 98 0.0471216
17 100 0.306361
17 102 0.291548
17 105 0.141421
17 107 0.20276
18 0 0.357413
18 1 0.210829
18 2 0.260363
18 3 0.33748
18 4 0.222296
18 5 0.137426
18 6 0.233994
18 7 0.314434
18 8 0.295304
18 10 0.346808
18 12 0.247819
18 15 0.0527025
18 20 0.117825
18 22 0.3178
18 25 0.284803
18 26 0.269258
18 27 0.330035
18 28 0.263544
18 30 0.359776
18 32 0.259324
18 33 0.18634
18 34 0.334999
18 35 0.247721
18 36 0.134369
18 39 0.250554
18 40 0.232122
18 42 0.189988
18 43 0.279368
18 45 0.150922
18 47 0.367046
18 50 0.0745684
18 51 0.33336
18 52 0.246107
18 55 0.0667
18 56 0.313201
18 57 0.307293
18 61 0.105411
18 62 0.222355
18 63 0.169984
18 64 0.341949
18 65 0.300426
18 66 0.283804
18 69 0.149047
18 70 0.298122
18 71 0.348007
18 73 0.356299
18 74 0.235718
18 75 0.365524
18 76 0.200738
18 77 0.316228
18 78 0.0527152
18 79 0.263551
18 81 0.277445
18 82 0.184056
18 84 0.13746
18 85 0.321863
18 87 0.300481
18 88 0.117903
18 92 0.246099
18 93 0.153652
18 95 0.157288
18 96 0.0897837
18 97 0.254951
18 99 0.149092
18 100 0.101368
18 101 0.141421
18 102 0.083328
18 103 0.179445
18 104 0.28529
18 106 0.171597
18 107 0.35
18 108 0.271318
19 3 0.0897466
19 5 0.323592
19 10 0.368933
19 11 0.0849497
19 17 0.0971882
19 23 0.242636
19 34 0.134315
19 40 0.296719
19 42 0.36548
19 43 0.268716
19 44 0.21724
19 52 0.291085
19 58 0.366641
19 62 0.271318
19 65 0.350336
19 68 0.356291
19 70 0.313111
19 71 0.258737
19 72 0.247874
19 77 0.111803
19 81 0.263544
19 83 0.03334
19 85 0.284738
19 87 0.150927
19 94 0.25
19 95 0.317105
19 97 0.180278
19 98 0.0527152
19 100 0.343155
19 102 0.348017
19 105 0.0527025
19 107 0.158114
19 114 0.327383
20 1 0.320587
20 3 0.307316
20 4 0.137404
20 5 0.0707107
20 6 0.323641
20 7 0.359776
20 8 0.260344
20 10 0.231558
20 11 0.365525
20 12 0.365553
20 15 0.0745237
20 17 0.367017
20 18 0.117825
20 25 0.350398
20 33 0.271317
20 34 0.275897
20 35 0.130149
20 36 0.226704
20 37 0.286761
20 39 0.179538
20 40 0.13333
20 42 0.0745237
20 43 0.18333
20 44 0.333748
20 45 0.0943068
20 46 0.268722
20 50 0.190031
20 52 0.301846
20 55 0.171592
20 57 0.320587
20 61 0.117859
20 62 0.137426
20 63 0.275897
20 64 0.365525
20 65 0.186327
20 66 0.316228
20 69 0.217313
20 70 0.190026
20 71 0.250557
20 74 0.337489
20 75 0.247788
20 76 0.318436
20 77 0.283804
20 78 0.166664
20 81 0.323641
20 82 0.120187
20 83 0.367021
20 84 0.246099
20 85 0.219214
20 87 0.300464
20 88 0.235728
20 92 0.360555
20 93 0.238627
20 95 0.2167
20 96 0.203464
20 97 0.213419
20 98 0.365531
20 99 0.263526
20 100 0.0687516
20 101 0.184089
20 102 0.134338
20 103 0.171578
20 106 0.286719
20 107 0.279377
21 0 0.201653
21 1 0.31135
21 2 0.351566
21 7 0.277386
21 9 0.0533065
21 13 0.235768
21 14 0.2
21 16 0.0686958
21 24 0.27932
21 25 0.247787
21 27 0.365524
21 28 0.269258
21 29 0.283332
21 30 0.164161
21 33 0.3171
21 36 0.36666
21 41 0.361952
21 47 0.13333
21 48 0.106767
21 49 0.254347
21 54 0.117883
21 60 0.314828
21 63 0.337059
21 64 0.330846
21 66 0.328732
21 73 0.171578
21 74 0.271307
21 86 0.343536
21 89 0.201352
21 90 0.33082
21 91 0.189997
21 92 0.313121
21 93 0.350398
21 104 0.217303
21 110 0.190211
21 111 0.252212
21 112 0.328686
21 113 0.343656
21 115 0.313197
22 1 0.175307
22 2 0.0754478
22 6 0.222932
22 9 0.357759
22 12 0.0705533
22 14 0.299656
22 15 0.367195
22 16 0.331887
22 18 0.3178
22 24 0.210716
22 25 0.347222
22 26 0.106419
22 27 0.0285258
22 28 0.164465
22 29 0.160785
22 30 0.355611
22 32 0.0627752
22 33 0.27614
22 36 0.268547
22 47 0.304305
22 49 0.165937
22 50 0.246058
22 51 0.0255416
22 52 0.323752
22 55 0.270511
22 56 0.0837719
22 60 0.173967
22 63 0.212197
22 69 0.316966
22 73 0.226714
22 74 0.210271
22 76 0.12215
22 78 0.274017
22 79 0.0615091
22 81 0.356211
22 84 0.220834
22 86 0.0776536
22 88 0.200486
22 89 0.223586
22 91 0.25522
22 92 0.125645
22 93 0.280862
22 95 0.309108
22 96 0.24196
22 99 0.189712
22 101 0.357987
22 102 0.33351
22 104 0.285831
22 106 0.153356
22 108 0.0476873
22 109 0.0966441
22 110 0.246553
22 111 0.260699
22 112 0.129625
23 3 0.25
23 5 0.337059
23 10 0.217322
23 11 0.158114
23 17 0.32056
23 19 0.242636
23 31 0.195048
23 34 0.177189
23 35 0.295321
23 37 0.224252
23 38 0.240352
23 40 0.25
23 42 0.318406
23 43 0.2
23 44 0.0527152
23 46 0.200671
23 53 0.189997
23 58 0.151111
23 59 0.1667
23 62 0.252208
23 65 0.232122
23 67 0.186372
23 68 0.1167
23 70 0.206155
23 71 0.134372
23 72 0.055181
23 75 0.260363
23 77 0.247739
23 80 0.174427
23 83 0.253828
23 85 0.169954
23 87 0.33082
23 94 0.0897466
23 97 0.254382
23 98 0.27588
23 105 0.189997
23 107 0.143347
23 114 0.0849516
24 1 0.283804
24 2 0.232131
24 9 0.228699
24 12 0.258719
24 14 0.106674
24 16 0.250555
24 21 0.27932
24 22 0.210716
24 26 0.31667
24 27 0.18408
24 28 0.235657
24 29 0.0526836
24 30 0.339903
24 32 0.242649
24 33 0.367017
24 47 0.271248
24 48 0.350397
24 49 0.0707107
24 51 0.217313
24 56 0.285292
24 60 0.0458169
24 63 0.33078
24 73 0.195048
24 74 0.28377
24 76 0.291047
24 79 0.268741
24 84 0.356639
24 86 0.13333
24 89 0.0833
24 91 0.0897206
24 92 0.240352
24 99 0.337453
24 104 0.313107
24 106 0.348007
24 108 0.238627
24 109 0.142397
24 110 0.0892048
24 111 0.0526836
24 112 0.0849869
25 0 0.0727213
25 1 0.179538
25 2 0.274907
25 4 0.337454
25 7 0.0666
25 8 0.259247
25 9 0.269709
25 12 0.300525
25 13 0.25
25 14 0.367095
25 15 0.287708
25 16 0.194368
25 18 0.284803
25 20 0.350398
25 21 0.247787
25 22 0.347222
25 27 0.335062
25 28 0.184156
25 29 0.348074
25 30 0.0849869
25 32 0.295397
25 33 0.106737
25 36 0.157266
25 39 0.320587
25 41 0.22859
25 45 0.287708
25 47 0.130214
25 48 0.16667
25 49 0.316228
25 50 0.286761
25 54 0.219214
25 55 0.314487
25 57 0.149043
25 61 0.23333
25 63 0.16672
25 64 0.134338
25 66 0.0971539
25 69 0.13745
25 73 0.186367
25 74 0.137501
25 76 0.260936
25 78 0.246099
25 79 0.337507
25 82 0.295321
25 84 0.188607
25 86 0.350397
25 88 0.259317
25 89 0.305988
25 90 0.167432
25 91 0.323634
25 92 0.222394
25 93 0.13439
25 96 0.226728
25 99 0.213461
25 101 0.16667
25 102 0.365525
25 103 0.210797
25 104 0.0687516
25 106 0.310016
25 108 0.311358
25 110 0.315732
25 113 0.291548
25 115 0.223607
26 1 0.208803
26 2 0.130149
26 5 0.367017
26 6 0.117835
26 12 0.0942361
26 15 0.321884
26 18 0.269258
26 22 0.106419
26 24 0.31667
26 27 0.134369
26 28 0.224178
26 29 0.267186
26 32 0.106682
26 33 0.295304
26 36 0.268677
26 49 0.271317
26 50 0.195045
26 51 0.101385
26 52 0.219204
26 55 0.208803
26 56 0.0471923
26 60 0.278197
26 61 0.356291
26 63 0.226628
26 69 0.318351
26 73 0.309998
26 74 0.254352
26 76 0.126868
26 78 0.238598
26 79 0.060074
26 81 0.250551
26 84 0.219151
26 86 0.18334
26 87 0.359776
26 88 0.167431
26 89 0.327443
26 91 0.359776
26 92 0.177146
26 93 0.287678
26 95 0.217268
26 96 0.21724
26 99 0.186307
26 100 0.33328
26 101 0.35
26 102 0.260337
26 104 0.33745
26 106 0.101378
26 108 0.0971882
26 109 0.190036
26 110 0.350732
26 111 0.367046
26 112 0.233937
27 1 0.170001
27 2 0.0745684
27 6 0.25
27 9 0.330691
27 12 0.083336
27 14 0.271307
27 16 0.307369
27 18 0.330035
27 21 0.365524
27 22 0.0285258
27 24 0.18408
27 25 0.335062
27 26 0.134369
27 28 0.150922
27 29 0.13333
27 30 0.337503
27 32 0.0707107
27 33 0.271346
27 36 0.269258
27 47 0.283332
27 49 0.13745
27 50 0.260363
27 51 0.0471216
27 52 0.350398
27 55 0.286769
27 56 0.111803
27 60 0.14931
27 63 0.21082
27 69 0.316228
27 73 0.203466
27 74 0.2
27 76 0.130175
27 78 0.283853
27 79 0.0849967
27 84 0.223607
27 86 0.0526836
27 88 0.212132
27 89 0.195087
27 91 0.226695
27 92 0.117885
27 93 0.279418
27 95 0.332084
27 96 0.25
27 99 0.194394
27 101 0.359075
27 102 0.351618
27 104 0.271346
27 106 0.171626
27 108 0.0601295
27 109 0.08328
27 110 0.218033
27 111 0.23333
27 112 0.105399
28 0 0.228711
28 1 0.0527152
28 2 0.0971539
28 6 0.305954
28 7 0.250555
28 9 0.253509
28 12 0.130169
28 14 0.269258
28 15 0.298166
28 16 0.201418
28 18 0.263544
28 21 0.269258
28 22 0.164465
28 24 0.235657
28 25 0.184156
28 26 0.224178
28 27 0.150922
28 29 0.190031
28 30 0.194394
28 32 0.120181
28 33 0.134397
28 36 0.153654
28 45 0.354377
28 47 0.153662
28 48 0.259324
28 49 0.164947
28 50 0.217303
28 51 0.189997
28 54 0.318444
28 55 0.250557
28 56 0.231537
28 57 0.320623
28 60 0.228576
28 61 0.283861
28 63 0.0971797
28 64 0.3167
28 66 0.268775
28 69 0.190025
28 73 0.101385
28 74 0.0527025
28 76 0.111803
28 78 0.210829
28 79 0.16664
28 84 0.126923
28 86 0.169903
28 88 0.16666
28 89 0.186327
28 90 0.351584
28 91 0.216654
28 92 0.0471145
28 93 0.153684
28 95 0.337059
28 96 0.173999
28 99 0.117849
28 100 0.364005
28 101 0.236929
28 102 0.318417
28 103 0.310016
28 104 0.121369
28 106 0.179475
28 108 0.13431
28 109 0.219151
28 110 0.20635
28 111 0.263526
28 112 0.201357
29 0 0.364653
29 1 0.235728
29 2 0.179521
29 9 0.237165
29 12 0.206155
29 14 0.142397
29 16 0.242735
29 21 0.283332
29 22 0.160785
29 24 0.0526836
29 25 0.348074
29 26 0.267186
29 27 0.13333
29 28 0.190031
29 30 0.317138
29 32 0.190026
29 33 0.323634
29 36 0.341969
29 47 0.25
29 48 0.340001
29 49 0.0334
29 51 0.169964
29 56 0.238627
29 60 0.0412712
29 63 0.282843
29 73 0.167531
29 74 0.240368
29 76 0.238633
29 79 0.217313
29 84 0.307316
29 86 0.0849673
29 88 0.320587
29 89 0.08336
29 91 0.106737
29 92 0.19005
29 93 0.34362
29 96 0.346808
29 99 0.286761
29 104 0.279415
29 106 0.29535
29 108 0.186348
29 109 0.106674
29 110 0.101032
29 111 0.1
29 112 0.0471145
30 0 0.049399
30 1 0.212132
30 2 0.291548
30 7 0.117825
30 8 0.333328
30 9 0.191446
30 12 0.323634
30 13 0.203472
30 14 0.305988
30 15 0.368169
30 16 0.117832
30 18 0.359776
30 21 0.164161
30 22 0.355611
30 24 0.339903
30 25 0.0849869
30 27 0.337503
30 28 0.194394
30 29 0.317138
30 32 0.314491
30 33 0.173999
30 36 0.226695
30 41 0.24454
30 47 0.0687516
30 48 0.0849967
30 49 0.28379
30 50 0.350391
30 54 0.142406
30 57 0.212132
30 60 0.357637
30 61 0.3171
30 63 0.217322
30 64 0.180278
30 66 0.166664
30 69 0.217303
30 73 0.15
30 74 0.16501
30 76 0.294888
30 78 0.316228
30 79 0.360555
30 84 0.24609
30 86 0.339901
30 88 0.314478
30 89 0.258737
30 90 0.195045
30 91 0.269258
30 92 0.240368
30 93 0.206155
30 96 0.291078
30 99 0.263518
30 101 0.250557
30 103 0.295321
30 104 0.083328
30 106 0.354311
30 108 0.328686
30 110 0.263074
30 111 0.337507
30 112 0.350396
30 113 0.274907
30 115 0.21734
31 10 0.258719
31 11 0.35313
31 23 0.195048
31 34 0.360555
31 35 0.364005
31 37 0.217305
31 38 0.142397
31 40 0.365894
31 43 0.323592
31 44 0.231542
31 46 0.222364
31 53 0.11667
31 58 0.125368
31 59 0.0687055
31 65 0.300459
31 67 0.0235255
31 68 0.0942361
31 70 0.29813
31 71 0.260299
31 72 0.199883
31 75 0.267186
31 80 0.0487851
31 85 0.277386
31 94 0.217241
31 107 0.323551
31 114 0.111803
32 0 0.347051
32 1 0.117883
32 2 0.0235891
32 6 0.206155
32 7 0.359783
32 9 0.348238
32 12 0.01667
32 14 0.31666
32 15 0.307369
32 16 0.310057
32 18 0.259324
32 22 0.0627752
32 24 0.242649
32 25 0.295397
32 26 0.106682
32 27 0.0707107
32 28 0.120181
32 29 0.190026
32 30 0.314491
32 33 0.2167
32 36 0.206155
32 47 0.271311
32 49 0.18408
32 50 0.19005
32 51 0.0849497
32 52 0.301842
32 55 0.21733
32 56 0.111803
32 60 0.213709
32 61 0.320649
32 63 0.150923
32 66 0.368212
32 69 0.254951
32 73 0.203456
32 74 0.158114
32 76 0.0600962
32 78 0.213468
32 79 0.0471216
32 81 0.337069
32 84 0.158114
32 86 0.120148
32 88 0.141421
32 89 0.233927
32 91 0.267182
32 92 0.0745639
32 93 0.21925
32 95 0.271317
32 96 0.180278
32 99 0.12696
32 100 0.346816
32 101 0.2954
32 102 0.283365
32 103 0.368933
32 104 0.238661
32 106 0.10543
32 108 0.0166
32 109 0.153608
32 110 0.2574
32 111 0.287708
32 112 0.171578
33 0 0.178062
33 1 0.101378
33 2 0.200693
33 4 0.296726
33 5 0.31667
33 6 0.33336
33 7 0.157203
33 8 0.269258
33 9 0.323494
33 12 0.21734
33 13 0.3567
33 15 0.200696
33 16 0.252208
33 18 0.18634
33 20 0.271317
33 21 0.3171
33 22 0.27614
33 24 0.367017
33 25 0.106737
33 26 0.295304
33 27 0.271346
33 28 0.134397
33 29 0.323634
33 30 0.173999
33 32 0.2167
33 36 0.0527152
33 39 0.294888
33 41 0.317442
33 42 0.343591
33 45 0.231558
33 47 0.184089
33 48 0.258745
33 49 0.296713
33 50 0.180278
33 51 0.300462
33 54 0.316228
33 55 0.208839
33 56 0.320623
33 57 0.200693
33 60 0.362758
33 61 0.164161
33 63 0.0687516
33 64 0.210816
33 66 0.153658
33 69 0.060074
33 73 0.194359
33 74 0.08336
33 76 0.170001
33 78 0.142406
33 79 0.252213
33 82 0.25
33 84 0.08336
33 86 0.300431
33 88 0.153684
33 89 0.307316
33 90 0.253828
33 91 0.333328
33 92 0.153658
33 93 0.03334
33 95 0.314487
33 96 0.120204
33 99 0.111803
33 100 0.283832
33 101 0.106745
33 102 0.263513
33 103 0.177146
33 104 0.1
33 106 0.208803
33 108 0.2333
33 109 0.347978
33 110 0.32367
33 112 0.33541
33 115 0.323634
34 3 0.0849516
34 5 0.210829
34 10 0.238696
34 11 0.0897373
34 15 0.327468
34 17 0.167432
34 18 0.334999
34 19 0.134315
34 20 0.275897
34 23 0.177189
34 31 0.360555
34 35 0.25
34 37 0.28389
34 40 0.165018
34 42 0.236875
34 43 0.134402
34 44 0.130169
34 45 0.365945
34 46 0.250555
34 50 0.368179
34 52 0.283804
34 53 0.311358
34 55 0.334989
34 58 0.326749
34 59 0.313197
34 62 0.143414
34 65 0.216665
34 67 0.356737
34 68 0.268798
34 70 0.179538
34 71 0.1334
34 72 0.211559
34 75 0.291136
34 77 0.0744745
34 80 0.327616
34 81 0.271311
34 83 0.12127
34 85 0.153658
34 87 0.157203
34 94 0.232167
34 95 0.269258
34 97 0.0849673
34 98 0.134338
34 100 0.238627
34 102 0.267186
34 105 0.106674
34 107 0.0373289
34 114 0.25
35 3 0.313107
35 4 0.142397
35 5 0.142369
35 8 0.291087
35 10 0.10543
35 11 0.329957
35 15 0.203407
35 18 0.247721
35 20 0.130149
35 23 0.295321
35 31 0.364005
35 34 0.25
35 36 0.3504
35 37 0.157266
35 39 0.186372
35 40 0.0897206
35 42 0.0600907
35 43 0.117825
35 44 0.253856
35 45 0.167495
35 46 0.142397
35 50 0.318394
35 53 0.253856
35 55 0.296713
35 59 0.29535
35 61 0.226675
35 62 0.12127
35 65 0.06667
35 68 0.285292
35 69 0.332084
35 70 0.0897373
35 71 0.164121
35 72 0.3505
35 75 0.117896
35 77 0.291011
35 78 0.296718
35 80 0.315374
35 82 0.167505
35 83 0.365849
35 85 0.126933
35 87 0.339903
35 88 0.365531
35 93 0.358996
35 95 0.316228
35 96 0.333336
35 97 0.226628
35 100 0.171592
35 101 0.291052
35 102 0.246023
35 103 0.25
35 105 0.354286
35 107 0.235657
35 114 0.3
36 0 0.229512
36 1 0.106689
36 2 0.195045
36 4 0.271318
36 5 0.267192
36 6 0.291548
36 7 0.200691
36 8 0.271346
36 9 0.369692
36 12 0.202758
36 15 0.153674
36 16 0.300459
36 18 0.134369
36 20 0.226704
36 21 0.36666
36 22 0.268547
36 25 0.157266
36 26 0.268677
36 27 0.269258
36 28 0.153654
36 29 0.341969
36 30 0.226695
36 32 0.206155
36 33 0.0527152
36 35 0.3504
36 39 0.277445
36 40 0.356299
36 41 0.354841
36 42 0.300469
36 45 0.200738
36 47 0.23333
36 48 0.311377
36 49 0.318368
36 50 0.130149
36 51 0.291037
36 52 0.341949
36 54 0.368943
36 55 0.157221
36 56 0.3
36 57 0.226721
36 61 0.130214
36 62 0.35159
36 63 0.0600907
36 64 0.246107
36 66 0.186367
36 69 0.05
36 73 0.232122
36 74 0.111803
36 76 0.150922
36 78 0.0897466
36 79 0.233894
36 82 0.224252
36 84 0.05
36 86 0.305901
36 88 0.111803
36 89 0.337453
36 90 0.291548
36 91 0.365886
36 92 0.157203
36 93 0.0235891
36 95 0.263526
36 96 0.0707107
36 99 0.0833
36 100 0.23334
36 101 0.0898171
36 102 0.210797
36 103 0.164149
36 104 0.150927
36 106 0.173941
36 108 0.222296
36 109 0.350336
36 110 0.355838
36 112 0.346784
36 115 0.367095
37 3 0.3667
37 4 0.268744
37 5 0.283846
37 10 0.0600907
37 11 0.332113
37 15 0.360555
37 20 0.286761
37 23 0.224252
37 31 0.217305
37 34 0.28389
37 35 0.157266
37 38 0.35159
37 39 0.3
37 40 0.194394
37 42 0.213474
37 43 0.174037
37 44 0.208891
37 45 0.316228
37 46 0.0334
37 53 0.101368
37 58 0.295246
37 59 0.15
37 62 0.223607
37 65 0.106767
37 67 0.23334
37 68 0.158114
37 70 0.12696
37 71 0.150923
37 72 0.273012
37 75 0.05
37 77 0.350396
37 80 0.169033
37 82 0.307325
37 85 0.134436
37 94 0.307323
37 97 0.307317
37 100 0.318461
37 105 0.364005
37 107 0.252213
37 114 0.186372
38 23 0.240352
38 31 0.142397
38 37 0.35159
38 44 0.291548
38 46 0.35
38 53 0.254951
38 58 0.0900688
38 59 0.20277
38 67 0.121347
38 68 0.200688
38 71 0.353135
38 72 0.209748
38 80 0.185486
38 94 0.203384
38 114 0.190026
39 0 0.369823
39 4 0.0471923
39 5 0.246111
39 7 0.29535
39 8 0.105399
39 10 0.271317
39 15 0.2
39 18 0.250554
39 20 0.179538
39 25 0.320587
39 33 0.294888
39 35 0.186372
39 36 0.277445
39 37 0.3
39 40 0.260363
39 41 0.334775
39 42 0.188614
39 43 0.300481
39 45 0.1
39 46 0.301854
39 50 0.320623
39 55 0.317138
39 57 0.217303
39 61 0.158114
39 62 0.282843
39 63 0.337528
39 64 0.267182
39 65 0.247797
39 66 0.242676
39 69 0.236929
39 70 0.275897
39 71 0.3504
39 75 0.25
39 78 0.274904
39 82 0.0667
39 84 0.320649
39 85 0.313173
39 88 0.348074
39 90 0.300459
39 93 0.273376
39 96 0.300525
39 99 0.350427
39 100 0.247833
39 101 0.190025
39 102 0.304138
39 103 0.117896
40 3 0.223607
40 4 0.213411
40 5 0.0971797
40 8 0.360555
40 10 0.134402
40 11 0.25
40 15 0.202753
40 17 0.300431
40 18 0.232122
40 19 0.296719
40 20 0.13333
40 23 0.25
40 31 0.365894
40 34 0.165018
40 35 0.0897206
40 36 0.356299
40 37 0.194394
40 39 0.260363
40 42 0.0745147
40 43 0.05
40 44 0.200696
40 45 0.210829
40 46 0.16664
40 50 0.291548
40 52 0.316228
40 53 0.271291
40 55 0.263518
40 59 0.300481
40 61 0.250557
40 62 0.0333
40 65 0.0897243
40 68 0.275897
40 69 0.350398
40 70 0.0707107
40 71 0.117859
40 72 0.303208
40 75 0.174037
40 77 0.201357
40 78 0.284794
40 80 0.319961
40 81 0.323639
40 82 0.223607
40 83 0.277361
40 84 0.368943
40 85 0.0897466
40 87 0.252213
40 88 0.343204
40 94 0.334999
40 95 0.254432
40 96 0.321899
40 97 0.137406
40 98 0.283336
40 100 0.134382
40 101 0.3171
40 102 0.200671
40 103 0.295321
40 105 0.271291
40 107 0.157221
40 114 0.279377
41 0 0.196192
41 7 0.163663
41 8 0.230099
41 13 0.173734
41 16 0.347249
41 21 0.361952
41 25 0.22859
41 30 0.24454
41 33 0.317442
41 36 0.354841
41 39 0.334775
41 47 0.313123
41 48 0.256285
41 54 0.258266
41 57 0.142674
41 61 0.35607
41 64 0.109013
41 66 0.169103
41 69 0.312446
41 74 0.365959
41 82 0.355614
41 90 0.0636264
41 93 0.332126
41 101 0.307218
41 103 0.289837
41 104 0.292392
41 113 0.109948
41 115 0.0619964
42 3 0.286713
42 4 0.141421
42 5 0.0849516
42 8 0.286769
42 10 0.157266
42 11 0.323584
42 15 0.149047
42 17 0.357786
42 18 0.189988
42 19 0.36548
42 20 0.0745237
42 23 0.318406
42 33 0.343591
42 34 0.236875
42 35 0.0600907
42 36 0.300469
42 37 0.213474
42 39 0.188614
42 40 0.0745147
42 43 0.12132
42 44 0.271307
42 45 0.13746
42 46 0.194359
42 50 0.259254
42 52 0.334963
42 53 0.305954
42 55 0.236852
42 57 0.368943
42 59 0.343612
42 61 0.18409
42 62 0.0942291
42 63 0.3504
42 65 0.111803
42 68 0.327459
42 69 0.287718
42 70 0.117849
42 71 0.18408
42 75 0.177215
42 77 0.263468
42 78 0.240352
42 80 0.363632
42 81 0.35
42 82 0.149092
42 83 0.343536
42 84 0.320596
42 85 0.15
42 87 0.300431
42 88 0.307323
42 93 0.31135
42 95 0.258737
42 96 0.277394
42 97 0.194308
42 98 0.346784
42 99 0.337462
42 100 0.111803
42 101 0.250551
42 102 0.186282
42 103 0.222364
42 105 0.343545
42 106 0.354292
42 107 0.231507
42 114 0.337059
43 3 0.206155
43 4 0.254382
43 5 0.142397
43 10 0.117885
43 11 0.212132
43 15 0.252208
43 17 0.287678
43 18 0.279368
43 19 0.268716
43 20 0.18333
43 23 0.2
43 31 0.323592
43 34 0.134402
43 35 0.117825
43 37 0.174037
43 39 0.300481
43 40 0.05
43 42 0.12132
43 44 0.150927
43 45 0.258745
43 46 0.142369
43 50 0.33541
43 52 0.33541
43 53 0.236852
43 55 0.305954
43 58 0.339368
43 59 0.260363
43 61 0.300464
43 62 0.060074
43 65 0.0849497
43 67 0.328741
43 68 0.231558
43 70 0.05
43 71 0.0687298
43 72 0.253292
43 75 0.1667
43 77 0.186307
43 78 0.332075
43 80 0.279258
43 81 0.337503
43 82 0.269258
43 83 0.253828
43 85 0.0471216
43 87 0.250554
43 94 0.28529
43 95 0.283846
43 96 0.368943
43 97 0.134337
43 98 0.263525
43 100 0.179512
43 101 0.36704
43 102 0.240352
43 103 0.343581
43 105 0.236852
43 107 0.117832
43 114 0.232131
44 3 0.208803
44 5 0.28528
44 10 0.188607
44 11 0.1333
44 17 0.284738
44 19 0.21724
44 20 0.333748
44 23 0.0527152
44 31 0.231542
44 34 0.130169
44 35 0.253856
44 37 0.208891
44 38 0.291548
44 40 0.200696
44 42 0.271307
44 43 0.150927
44 46 0.180278
44 53 0.2
44 58 0.203033
44 59 0.190094
44 62 0.200688
44 65 0.194359
44 67 0.226749
44 68 0.142462
44 70 0.164161
44 71 0.0897744
44 72 0.102782
44 75 0.236929
44 77 0.203384
44 80 0.202201
44 83 0.222296
44 85 0.126923
44 87 0.286713
44 94 0.134369
44 97 0.203399
44 98 0.242636
44 100 0.320583
44 102 0.368911
44 105 0.1666
44 107 0.0942291
44 114 0.120187
45 0 0.350299
45 1 0.306432
45 4 0.074479
45 5 0.165018
45 7 0.283816
45 8 0.16664
45 10 0.271317
45 15 0.1
45 18 0.150922
45 20 0.0943068
45 25 0.287708
45 28 0.354377
45 33 0.231558
45 34 0.365945
45 35 0.167495
45 36 0.200738
45 37 0.316228
45 39 0.1
45 40 0.210829
45 42 0.13746
45 43 0.258745
45 46 0.307304
45 50 0.222394
45 55 0.217339
45 57 0.232122
45 61 0.0707107
45 62 0.223607
45 63 0.259317
45 64 0.279368
45 65 0.23393
45 66 0.235694
45 69 0.171626
45 70 0.250557
45 71 0.320593
45 74 0.310057
45 75 0.269258
45 76 0.328772
45 78 0.179534
45 82 0.0333
45 84 0.236929
45 85 0.285302
45 88 0.25392
45 90 0.321863
45 92 0.354361
45 93 0.203456
45 95 0.291136
45 96 0.208891
45 97 0.307323
45 99 0.263551
45 100 0.157293
45 101 0.126923
45 102 0.206155
45 103 0.0849673
45 104 0.321899
45 106 0.316228
45 107 0.365535
46 3 0.3333
46 4 0.26666
46 5 0.259247
46 10 0.037235
46 11 0.300431
46 15 0.343155
46 20 0.268722
46 23 0.200671
46 31 0.222364
46 34 0.250555
46 35 0.142397
46 37 0.0334
46 38 0.35
46 39 0.301854
46 40 0.16664
46 42 0.194359
46 43 0.142369
46 44 0.180278
46 45 0.307304
46 53 0.111803
46 58 0.286706
46 59 0.153674
46 61 0.368911
46 62 0.194308
46 65 0.083328
46 67 0.235718
46 68 0.150916
46 70 0.0971539
46 71 0.117786
46 72 0.251873
46 75 0.0601295
46 77 0.317038
46 80 0.173595
46 82 0.301842
46 83 0.369994
46 85 0.101378
46 94 0.286711
46 97 0.274807
46 100 0.294859
46 102 0.36548
46 105 0.332017
46 107 0.219151
46 114 0.174008
47 0 0.117991
47 1 0.186327
47 2 0.247745
47 7 0.180278
47 9 0.142819
47 12 0.282843
47 13 0.25392
47 14 0.240368
47 16 0.0687055
47 18 0.367046
47 21 0.13333
47 22 0.304305
47 24 0.271248
47 25 0.130214
47 27 0.283332
47 28 0.153662
47 29 0.25
47 30 0.0687516
47 32 0.271311
47 33 0.184089
47 36 0.23333
47 41 0.313123
47 48 0.106773
47 49 0.2166
47 50 0.343581
47 51 0.328691
47 54 0.165018
47 57 0.273382
47 60 0.290092
47 61 0.343605
47 63 0.206155
47 64 0.246111
47 66 0.224252
47 69 0.238627
47 73 0.0849516
47 74 0.142397
47 76 0.263526
47 78 0.318416
47 79 0.318394
47 84 0.238627
47 86 0.27932
47 88 0.300459
47 89 0.189997
47 90 0.263522
47 91 0.201352
47 92 0.200671
47 93 0.217313
47 96 0.287708
47 99 0.247753
47 101 0.279407
47 103 0.33541
47 104 0.0849869
47 106 0.328681
47 108 0.28377
47 109 0.327383
47 110 0.194827
47 111 0.269258
47 112 0.285254
47 113 0.337128
47 115 0.2834
48 0 0.104595
48 1 0.286769
48 2 0.354368
48 7 0.179484
48 9 0.151725
48 13 0.153658
48 14 0.291134
48 16 0.1
48 21 0.106767
48 24 0.350397
48 25 0.16667
48 28 0.259324
48 29 0.340001
48 30 0.0849967
48 33 0.258745
48 36 0.311377
48 41 0.256285
48 47 0.106773
48 49 0.307319
48 54 0.060074
48 57 0.268731
48 63 0.298175
48 64 0.226677
48 66 0.232131
48 69 0.301854
48 73 0.186372
48 74 0.240407
48 76 0.367093
48 84 0.328322
48 89 0.26722
48 90 0.224178
48 91 0.26722
48 92 0.306439
48 93 0.291085
48 99 0.343204
48 101 0.33334
48 104 0.164161
48 110 0.263984
48 111 0.335062
48 113 0.250555
48 115 0.21082
49 0 0.33141
49 1 0.213419
49 2 0.169964
49 9 0.210293
49 12 0.200688
49 14 0.134359
49 16 0.21082
49 21 0.254347
49 22 0.165937
49 24 0.0707107
49 25 0.316228
49 26 0.271317
49 27 0.13745
49 28 0.164947
49 29 0.0334
49 30 0.28379
49 32 0.18408
49 33 0.296713
49 36 0.318368
49 47 0.2166
49 48 0.307319
49 50 0.358996
49 51 0.179521
49 54 0.35313
49 56 0.247787
49 60 0.0740553
49 63 0.260299
49 69 0.354286
49 73 0.134338
49 74 0.213383
49 76 0.226675
49 78 0.365894
49 79 0.217313
49 84 0.286703
49 86 0.0971797
49 88 0.306384
49 89 0.060074
49 91 0.0897373
49 92 0.171578
49 93 0.318394
49 96 0.328681
49 99 0.268722
49 104 0.247735
49 106 0.287708
49 108 0.18333
49 109 0.130169
49 110 0.0817343
49 111 0.10543
49 112 0.0745639
50 0 0.358328
50 1 0.16666
50 2 0.194359
50 3 0.353553
50 4 0.295304
50 5 0.194368
50 6 0.174037
50 7 0.329957
50 8 0.353553
50 12 0.177189
50 15 0.12696
50 18 0.0745684
50 20 0.190031
50 22 0.246058
50 25 0.286761
50 26 0.195045
50 27 0.260363
50 28 0.217303
50 30 0.350391
50 32 0.19005
50 33 0.180278
50 34 0.368179
50 35 0.318394
50 36 0.130149
50 39 0.320623
50 40 0.291548
50 42 0.259254
50 43 0.33541
50 45 0.222394
50 47 0.343581
50 49 0.358996
50 51 0.260337
50 52 0.212132
50 55 0.03334
50 56 0.238661
50 57 0.343184
50 61 0.1667
50 62 0.275897
50 63 0.137426
50 65 0.367029
50 66 0.310016
50 69 0.16664
50 70 0.360555
50 73 0.31666
50 74 0.202753
50 76 0.134382
50 77 0.334999
50 78 0.0527025
50 79 0.190025
50 81 0.247795
50 82 0.254951
50 84 0.105399
50 86 0.309998
50 87 0.300469
50 88 0.0527152
50 92 0.190026
50 93 0.153654
50 95 0.13439
50 96 0.060074
50 97 0.283832
50 99 0.1
50 100 0.157221
50 101 0.179534
50 102 0.101385
50 103 0.235669
50 104 0.269258
50 106 0.0971539
50 108 0.200671
50 109 0.341949
50 112 0.360555
51 1 0.2
51 2 0.1
51 6 0.219204
51 12 0.0897206
51 14 0.31135
51 16 0.354368
51 18 0.33336
51 22 0.0255416
51 24 0.217313
51 26 0.101385
51 27 0.0471216
51 28 0.189997
51 29 0.169964
51 32 0.0849497
51 33 0.300462
51 36 0.291037
51 47 0.328691
51 49 0.179521
51 50 0.260337
51 52 0.320583
51 55 0.282843
51 56 0.0687201
51 60 0.177343
51 63 0.235669
51 69 0.339901
51 73 0.25
51 74 0.23567
51 76 0.142369
51 78 0.291548
51 79 0.0707107
